3 1 1101
4 1 11001
4 2 100010111
4 3 11101100101
5 1 101001
5 2 10010110111
5 3 1111010111110001
5 4 101010110110010001101
5 5 101010110110010001101
5 6 11100100010101111011010011
5 7 11100100010101111011010011
6 1 1100001
6 2 1001110010101
6 3 1111001101000001111
6 4 1110111011100100110110111
6 5 1100100010000001011101100001
6 6 1110011011010111000010110011111011
6 7 1000010010010000010000110101100101101111
6 8 1010101111001011100101001010110100001100111101
6 9 1010101111001011100101001010110100001100111101
6 10 1010101111001011100101001010110100001100111101
6 11 110101001101110010111011110100001100100110110011
6 12 101101100000101010111010101101000110010010011010111001
6 13 101101100000101010111010101101000110010010011010111001
6 14 111110111100111010110000101110001101101001000100110010101
6 15 111110111100111010110000101110001101101001000100110010101
7 1 11000001
7 2 101111100010101
7 3 1101100000001100100101
7 4 11111100100111101010010100011
7 5 111010101101100101010011100010000111
7 6 1111011001010111110010110101111001101110111
7 7 11001110010001010111011101101000110000110100100101
7 8 100010000011010011001001110010001001000111111110110101001
7 9 100010000011010011001001110010001001000111111110110101001
7 10 1111100001010100000110101001110100011000101010100010000100101111
7 11 10011001011001010110110011011111011110011011100110001001010110111000001
7 12 111101100111011101100000001110000101111000110101100100001111100011001000100101
7 13 111101100111011101100000001110000101111000110101100100001111100011001000100101
7 14 1011101000110000111101100110100010110000011101000111010001010000110001101000010110011
7 15 10110000111001111001100011100010111010100001001111011011111111010110101101100000110010101011
7 16 100101000111001001010110000001100011000001001010011110000110010111101000011101011011011000001000101
7 17 100101000111001001010110000001100011000001001010011110000110010111101000011101011011011000001000101
7 18 100101000111001001010110000001100011000001001010011110000110010111101000011101011011011000001000101
7 19 100101000111001001010110000001100011000001001010011110000110010111101000011101011011011000001000101
7 20 100101000111001001010110000001100011000001001010011110000110010111101000011101011011011000001000101
7 21 100101000111001001010110000001100011000001001010011110000110010111101000011101011011011000001000101
7 22 1101010001110101011101011001000101011111110010100101111011000000000111101011100100001011110110000100100111
7 23 1101010001110101011101011001000101011111110010100101111011000000000111101011100100001011110110000100100111
7 24 11011101011010001011011001011001101001110000100000010100000111001001111111100000110001010000001111011110101001101
7 25 11011101011010001011011001011001101001110000100000010100000111001001111111100000110001010000001111011110101001101
7 26 11011101011010001011011001011001101001110000100000010100000111001001111111100000110001010000001111011110101001101
7 27 11011101011010001011011001011001101001110000100000010100000111001001111111100000110001010000001111011110101001101
7 28 111111011111001111010111000011011101001100010101100000101111000111011011001001010010000100111001011010001000110011010101
7 29 111111011111001111010111000011011101001100010101100000101111000111011011001001010010000100111001011010001000110011010101
7 30 111111011111001111010111000011011101001100010101100000101111000111011011001001010010000100111001011010001000110011010101
7 31 111111011111001111010111000011011101001100010101100000101111000111011011001001010010000100111001011010001000110011010101
8 1 101110001
8 2 11000110111101101
8 3 1010110110000101110111011
8 4 101111110100001011011010011101111
8 5 10001000101101011100101110111110110011001
8 6 1110100100111100111110111010000111010111111000111
8 7 100001110010010111000010001000111010100110000110110011111
8 8 11101110100110011111011011010110010001111110000011100111001101101
8 9 100101110011110010010010110100000000000001101110100110101101111010101
8 10 10110100100000011001110000101011000100000111011110011100010011100101001101001
8 11 1111100110001100111000110001111110000111011100100011100101000100011000100111000011011
8 12 100000011001100101001010111001111101100101101010000011101111000000100101101100001000000101111
8 13 11011001111111101100101100101100010101001011110110000010101101111100000110100000011010010111110111111
8 14 1001001111001000001000010011010001101010111000010001101010101011010111001111101011101111000001101000100010111
8 15 101001001111011101110101001111001010000110111010010111000111101100011101101111100000011000010110111100000001100011001
8 16 10011100110101110000101000001000110001000100111111101000010101010001101010010110000010010110011100110011011011010011110110001
8 17 10011100110101110000101000001000110001000100111111101000010101010001101010010110000010010110011100110011011011010011110110001
8 18 10011100110101110000101000001000110001000100111111101000010101010001101010010110000010010110011100110011011011010011110110001
8 19 1110110100110001010101110100110100101000011000111001010110101100001000101111001111100000000110110000100010100101010000011000110000101
8 20 111110111010111001110100110011101101010101110011111010000000011001000001011110011110011010111001010000000100010111101101011011011010101000011
8 21 111110111010111001110100110011101101010101110011111010000000011001000001011110011110011010111001010000000100010111101101011011011010101000011
8 22 10000100100110110000010111100111110101111110000001000111100111010111001000000011011110000101010011001110101001101100001001011001011111110100001001001
8 23 1001100011100001100101100010111110001001000010101010100101101100011111011000000100111000011000011110100100100011111001101110011101010101110110110111010110001
8 24 100011101001001110001010111000010111010011111000101101101111000100100101010110111001010111100110011110010111010111100001001001111010110000110000101011010000101111011
8 25 100011101001001110001010111000010111010011111000101101101111000100100101010110111001010111100110011110010111010111100001001001111010110000110000101011010000101111011
8 26 1111001101000101111001001101101110101010011010100101110110000100110010000101111001110001100011100111001100101011100010111100101100011110011000011100111110111101000001001
8 27 101101110010001110100001101011011111100100111011010110101100000100010011001111100011011110111000010001001110000111010000010000000000101111101011111110011101110000000000111011011
8 28 10111000001100011110001001011000101111110110101001111000010101000100100110100001011001110010011011001010010001011110000110110110110010110001011000100101100001010100010011100101000000101
8 29 10111000001100011110001001011000101111110110101001111000010101000100100110100001011001110010011011001010010001011110000110110110110010110001011000100101100001010100010011100101000000101
8 30 1000001101100011010100001110111010111101000111110110101011010010110101111001001000110110111100000001110001111111011101111000101011001101010101100010011011100111001011010001011110010011011110001
8 31 111100011110111001101110000011010001001001000111101101000100000101101111011010110001100001101010110001101000010110000011000110101111010101100000110110100000000100100000101110000010101010001101100110111
8 32 11011110011000110101010110100101000001101100010100000010100100001100100110100110000111011011001010010111110011011001001100000111111111010000100011011000011001110101100101101001100011110000001000110111011010101
8 33 11011110011000110101010110100101000001101100010100000010100100001100100110100110000111011011001010010111110011011001001100000111111111010000100011011000011001110101100101101001100011110000001000110111011010101
8 34 11011110011000110101010110100101000001101100010100000010100100001100100110100110000111011011001010010111110011011001001100000111111111010000100011011000011001110101100101101001100011110000001000110111011010101
8 35 11011110011000110101010110100101000001101100010100000010100100001100100110100110000111011011001010010111110011011001001100000111111111010000100011011000011001110101100101101001100011110000001000110111011010101
8 36 11011110011000110101010110100101000001101100010100000010100100001100100110100110000111011011001010010111110011011001001100000111111111010000100011011000011001110101100101101001100011110000001000110111011010101
8 37 11011110011000110101010110100101000001101100010100000010100100001100100110100110000111011011001010010111110011011001001100000111111111010000100011011000011001110101100101101001100011110000001000110111011010101
8 38 11011110011000110101010110100101000001101100010100000010100100001100100110100110000111011011001010010111110011011001001100000111111111010000100011011000011001110101100101101001100011110000001000110111011010101
8 39 11011110011000110101010110100101000001101100010100000010100100001100100110100110000111011011001010010111110011011001001100000111111111010000100011011000011001110101100101101001100011110000001000110111011010101
8 40 11011110011000110101010110100101000001101100010100000010100100001100100110100110000111011011001010010111110011011001001100000111111111010000100011011000011001110101100101101001100011110000001000110111011010101
8 41 11011110011000110101010110100101000001101100010100000010100100001100100110100110000111011011001010010111110011011001001100000111111111010000100011011000011001110101100101101001100011110000001000110111011010101
8 42 11011110011000110101010110100101000001101100010100000010100100001100100110100110000111011011001010010111110011011001001100000111111111010000100011011000011001110101100101101001100011110000001000110111011010101
8 43 1000011011001010001010100001111011000100000101101100001101111100100111110001110010010100000001110111100111011000001111100100010111111100110011101000001001001101001000111000011100101011010000111010000100000101011
8 44 110000000001001000110000001111110111001101110001001011111001110010110001110010110001111100011000111101110111000010001000110101111110001101001010111001001111111100001100001111000000111011000101101010000110110011110100101
8 45 110000000001001000110000001111110111001101110001001011111001110010110001110010110001111100011000111101110111000010001000110101111110001101001010111001001111111100001100001111000000111011000101101010000110110011110100101
8 46 11111000010101110111000000100010000111110101100110101000001100000110010000111110010000001000101011001000101001000111010110010011111111010001111001010000000101100011101010110101100110011100011011101101111010110110011110101000011
8 47 11111000010101110111000000100010000111110101100110101000001100000110010000111110010000001000101011001000101001000111010110010011111111010001111001010000000101100011101010110101100110011100011011101101111010110110011110101000011
8 48 1010101111101110011101001010110110010011000111000101001101011001000101010100011010011110001101010111010000011000011101110100101100001000101000111110000111101011001101111111000000000111010110101101100000110001111010101011000100111010101
8 49 1010101111101110011101001010110110010011000111000101001101011001000101010100011010011110001101010111010000011000011101110100101100001000101000111110000111101011001101111111000000000111010110101101100000110001111010101011000100111010101
8 50 1010101111101110011101001010110110010011000111000101001101011001000101010100011010011110001101010111010000011000011101110100101100001000101000111110000111101011001101111111000000000111010110101101100000110001111010101011000100111010101
8 51 1010101111101110011101001010110110010011000111000101001101011001000101010100011010011110001101010111010000011000011101110100101100001000101000111110000111101011001101111111000000000111010110101101100000110001111010101011000100111010101
8 52 1010101111101110011101001010110110010011000111000101001101011001000101010100011010011110001101010111010000011000011101110100101100001000101000111110000111101011001101111111000000000111010110101101100000110001111010101011000100111010101
8 53 1010101111101110011101001010110110010011000111000101001101011001000101010100011010011110001101010111010000011000011101110100101100001000101000111110000111101011001101111111000000000111010110101101100000110001111010101011000100111010101
8 54 1010101111101110011101001010110110010011000111000101001101011001000101010100011010011110001101010111010000011000011101110100101100001000101000111110000111101011001101111111000000000111010110101101100000110001111010101011000100111010101
8 55 1010101111101110011101001010110110010011000111000101001101011001000101010100011010011110001101010111010000011000011101110100101100001000101000111110000111101011001101111111000000000111010110101101100000110001111010101011000100111010101
8 56 111001101000000101000011001001110100011010000111101110100010111111011001111100110000001100011101011111001101001001111111011000110110001000000011011000000101010001100111110111101011010001001001101001011101010101000101000000010110111100001011001
8 57 111001101000000101000011001001110100011010000111101110100010111111011001111100110000001100011101011111001101001001111111011000110110001000000011011000000101010001100111110111101011010001001001101001011101010101000101000000010110111100001011001
8 58 111001101000000101000011001001110100011010000111101110100010111111011001111100110000001100011101011111001101001001111111011000110110001000000011011000000101010001100111110111101011010001001001101001011101010101000101000000010110111100001011001
8 59 111001101000000101000011001001110100011010000111101110100010111111011001111100110000001100011101011111001101001001111111011000110110001000000011011000000101010001100111110111101011010001001001101001011101010101000101000000010110111100001011001
8 60 1111010000111001011111110111000111011010001111110011011011001000110111110101001001010011010011110000010010000101000101110111100100111000011000110011101001011011101011010101100010001001100001000000101100110010101110011111000101010100000110101111011
8 61 1111010000111001011111110111000111011010001111110011011011001000110111110101001001010011010011110000010010000101000101110111100100111000011000110011101001011011101011010101100010001001100001000000101100110010101110011111000101010100000110101111011
8 62 1111010000111001011111110111000111011010001111110011011011001000110111110101001001010011010011110000010010000101000101110111100100111000011000110011101001011011101011010101100010001001100001000000101100110010101110011111000101010100000110101111011
8 63 1111010000111001011111110111000111011010001111110011011011001000110111110101001001010011010011110000010010000101000101110111100100111000011000110011101001011011101011010101100010001001100001000000101100110010101110011111000101010100000110101111011
9 1 1010100011
9 2 1011001110111111001
9 3 1010001011000010000111100001
9 4 1010001000110001101111010000000100011
9 5 1100110001111110100001100011000101110111110111
9 6 1011101101101001010011110110110011110000111101100101101
9 7 1001100000011000000000010011111010111000000110010101010100000001
9 8 1101000000000000110101011010100110110000001100010010000011010110000010011
9 9 1100111011011000110010111111001101000011011111100000001010111000001100011100010001
9 10 1110001010100100010010100100101110011000011101000000110101010101101001100001101100011000001
9 11 1111110111101001101001000100010010101011010011110001001011000001101110110011010100000001110100001011
9 12 1001000000001010011000110100110101010101011001100101110000000101111011011111000000001010100110011000111100101
9 13 1100001101000110101111011000011100100110100001010110111101101001111110101001111111110110001010101010110101101100000101
9 14 1011100010100100010001101001101000000111011101011010110110001011100100011001101101100011110000110110111001100011001011101110011
9 15 1010011101001101101001011101001001101100111110111011000001110100001011011000110110110100000111011001110011110101011000011000101101100001
9 16 1111111001101011010001100001000101000111000100110101010100100001001101111010100011111110001111001001100000010010000010001000011100101001010000011
9 17 1111111001101011010001100001000101000111000100110101010100100001001101111010100011111110001111001001100000010010000010001000011100101001010000011
9 18 1111100011100101100101000100100011110110010000010111001111011101110011011101011010010100101100000010011100110110101001111101111011011010111001001110111001
9 19 1111000000101000011101101111000001010010000110100000111010110100110011000100111001110100100000000100110001001000110101010110100111110000001010100001000101001111011
9 20 1100010111001001110000110011010010101001111100101101111010010011100100101100100110001000111010111001100100001110110101101101101101010010010010110000111110111001010000110001
9 21 1111100100001110010110001010110100111010000101100101100000001100001000011011101110000101100010100110010000100011000101001100011011101000111100001100111100110100001010011100001010101
9 22 1111111010111010101011010100010000000101010110111110000111100000010001101010011010000100011001001111001000110000000111011110101010111100110000110011000100101010000100101001100001011100000101
9 23 1011110011001111001010001010001101111000101110001100011100111101001001011010111001000101100100001011101100000011100111000011101000101101111110100100110111111010110111000000011011100000101000010110011
9 24 1101110101001001101100011011110110110010010001101111010011001101110110011000111000100010100101101101000001001011010101011111000111010001000010000111011110111000100111100111101011011011001110100111111001011011
9 25 1101110101001001101100011011110110110010010001101111010011001101110110011000111000100010100101101101000001001011010101011111000111010001000010000111011110111000100111100111101011011011001110100111111001011011
9 26 1011101100010101011101000101101011001000011100011010100000011100000110100100111011010001010110011110010100010001010100110101000101100100011010010010010100110000000110101111101101100001000101110111101111011001111100101
9 27 1101010001101111111101010110000110011100011100000111000011101011010000010000000001010011001001000011100100111001000010001000100001001100010110100001010110100110101110111101111101010101001110110001110011000011111000110001001111
9 28 1111111010110101011011101110010010010011001000100110100011000000100100001000110111001110001001101011011101011000111000100101000111111001111111100001110110011111000110001000010011011101110100000010101001101100110101010011001100000011001
9 29 1001001110101010110001110111010100101000110001100110101101110010001000001111100100100110010100001001010110000010011111110010101011101001010010011100101001111001000010111000000100111101111111010011000001011001101101001100101111100001011011010101
9 30 1111001001011100011011111011001101011101100110110111111000011000010101101110001000101001011001001111111010110110001011101011111100011110110001111011100001011110010110101101011100110100101010011101101000011100110010101100010111111010101011110111111110001
9 31 1001000111101001001101010000011110100101100011000100111000011110110000001101111001110010001010010111110010110101011110001100000110010110011000000001010000111101010001100010110000010001101100010001100011011110101100010010110100100111100101010001000101111111001011
9 32 1101100101010101010110110001111011110100100110001010111100110110101011111101000100100100000001001101011001010001100111100001110100111101100110110010111000101001111110111001100100001111011000010100110000111101100001101110001100100010110011000101001101001000000001011001011
9 33 1101100101010101010110110001111011110100100110001010111100110110101011111101000100100100000001001101011001010001100111100001110100111101100110110010111000101001111110111001100100001111011000010100110000111101100001101110001100100010110011000101001101001000000001011001011
9 34 1101100101010101010110110001111011110100100110001010111100110110101011111101000100100100000001001101011001010001100111100001110100111101100110110010111000101001111110111001100100001111011000010100110000111101100001101110001100100010110011000101001101001000000001011001011
9 35 1101100101010101010110110001111011110100100110001010111100110110101011111101000100100100000001001101011001010001100111100001110100111101100110110010111000101001111110111001100100001111011000010100110000111101100001101110001100100010110011000101001101001000000001011001011
9 36 1101100101010101010110110001111011110100100110001010111100110110101011111101000100100100000001001101011001010001100111100001110100111101100110110010111000101001111110111001100100001111011000010100110000111101100001101110001100100010110011000101001101001000000001011001011
9 37 1111010000101010101001101011101010010111001011011001000100011101110100011101111101001001100001010111100100001111110010100101100111010101010011101000000001100110101110100000110001101101010101010011011010110101010101111000011110001110001001101100110111110011000001000100000101
9 38 1110000000001110111001111011011101111010001110101110110100001001100110100111101110000010011100000111011111011100000101101011110101000100000011001100110000101110010101111111110001101010000110010011111010010001111001111110100111101001100100101000101100110111000111110011010011010001001
9 39 1111001110111111110011111000011001010111100101110111011011010100101001110110101010000000110111001010011010001110000000110010011100011100111001111000011010010111001100111111100000100111000110101011010001001000101011100101011001101101000111100001111010110001011110001001000011110101110111001101
9 40 1010101110111100101111010100001001111111011010011111111111000111101001011000000101000101010111011000100011010100101100110001011110011110110100000101111011110100000000001110000011011101000110101110100011001000100010010110001000101001100110101011110011111000100110011100100000110111101001100101011111111
9 41 1010101110111100101111010100001001111111011010011111111111000111101001011000000101000101010111011000100011010100101100110001011110011110110100000101111011110100000000001110000011011101000110101110100011001000100010010110001000101001100110101011110011111000100110011100100000110111101001100101011111111
9 42 1101010110001111011010111001011111111010110001100001100011010101111100101011100001110100100011000011101101011110000001010110011000010010111111101010111010100001100100101010100100110101000001011001111000111011000110101101110111000010011101101011010110011101011111100010000101010101111010000111011001111110000011
9 43 1001011111110111010010111111010101011101100100101000111001101011101001111001010010110010000011111001000011111100101001010000001100010010110110101111000011110010000100100111101110001011001111100010000001101101100000010011000111010000111010001111011100011010001011101100111111011000011101010011100101110101011110111111111
9 44 1101101100011111011010110000011001101001100010010110100111000001000011101100011101101011110111110000110100111111100110111000001100001011110101000011011010100110001011001010001111001101100011001110010010101001000110111110011110111011110000010010010110010001001000110000000101000010011010010111110100110110100111010000000011110101
9 45 1101101100011111011010110000011001101001100010010110100111000001000011101100011101101011110111110000110100111111100110111000001100001011110101000011011010100110001011001010001111001101100011001110010010101001000110111110011110111011110000010010010110010001001000110000000101000010011010010111110100110110100111010000000011110101
9 46 1110100000000001101110001000011001011010001101011001100111101100101000011011110011110100011011001010010110101011111000000001110000011100110101010010000001111011010111010100101011111110010100110100111101000110111001010010001100000101110111011000000111011101011011101100010010011101010010001111100011011000110011111001001001001100010001101
9 47 1011101001001101001111111110000111100011001001111100010000111010100011101000100000110110101010101100100100011101101111011100011010111100001110110100100110100111111111110101110100011011010110011000111010101010100110100000001111010010011100110001100100111101101001101100101101001000111111101101100011101100100001110111101011001111000011100101100011
9 48 1000110011001000110100010000010010000101100101100101001110111011011010000011110110101011011111001101100001010110111001101001100011110100101101101111011100011010001000110110111111010011001100001001011110010000100100101100101001111001010110001100101010110001101010010110010011101110001000110010110001011110001101010100101000010111010111010000100100111111111
9 49 1000110011001000110100010000010010000101100101100101001110111011011010000011110110101011011111001101100001010110111001101001100011110100101101101111011100011010001000110110111111010011001100001001011110010000100100101100101001111001010110001100101010110001101010010110010011101110001000110010110001011110001101010100101000010111010111010000100100111111111
9 50 1000110011001000110100010000010010000101100101100101001110111011011010000011110110101011011111001101100001010110111001101001100011110100101101101111011100011010001000110110111111010011001100001001011110010000100100101100101001111001010110001100101010110001101010010110010011101110001000110010110001011110001101010100101000010111010111010000100100111111111
9 51 1000110011001000110100010000010010000101100101100101001110111011011010000011110110101011011111001101100001010110111001101001100011110100101101101111011100011010001000110110111111010011001100001001011110010000100100101100101001111001010110001100101010110001101010010110010011101110001000110010110001011110001101010100101000010111010111010000100100111111111
9 52 1101011101010101110001001000011110111101010111010011101011001101101110100011101011011111001111111100011010000100111011011100111100001100000110110110011100110001100100101010101010011011010111101110101110110011000111001001011101010001110001010000100011101110001101100101101010111011111111001100011011100111100010101001011101000000110010111110011111010000010011010001
9 53 1101011101010101110001001000011110111101010111010011101011001101101110100011101011011111001111111100011010000100111011011100111100001100000110110110011100110001100100101010101010011011010111101110101110110011000111001001011101010001110001010000100011101110001101100101101010111011111111001100011011100111100010101001011101000000110010111110011111010000010011010001
9 54 1110001110010010111000010000100110011001000100110011110110101100111001001010011100111010111111101110100010001101000110011111110001111001100011111001111011100111001111000111111010010111011010010001110100010110110101110001100101110111111011101110011101001000111111101000110111010111100100100000110001110110001100110110100001100010100110000010011111111111110001101010010110111
9 55 1100110111011110001111101000011010111011100001001111101000101101100011011001010110010110000100000001001010100101001101110000011111000011010100111111011000101111101100011010010100111000100001011011000000110010101100111100001010110001010011010101011111010011100100010110011011011010111101001111111101110110010010001010011010100110111010110100010100110011110011010111111011010011011111
9 56 1100100000101100100001101010100101010001010100001000100010010011011011001000010000110011101001011100101001100001011111011100111101100110011001101101110001001011010010101000011111110010000001110100110000011011110001110111100110001101111010111110001111001110011110011111000110100010111111110000010111110000111011101010110111111100101100100010110011101001001101100000101100011111000100001101001
9 57 1100100000101100100001101010100101010001010100001000100010010011011011001000010000110011101001011100101001100001011111011100111101100110011001101101110001001011010010101000011111110010000001110100110000011011110001110111100110001101111010111110001111001110011110011111000110100010111111110000010111110000111011101010110111111100101100100010110011101001001101100000101100011111000100001101001
9 58 1100100000101100100001101010100101010001010100001000100010010011011011001000010000110011101001011100101001100001011111011100111101100110011001101101110001001011010010101000011111110010000001110100110000011011110001110111100110001101111010111110001111001110011110011111000110100010111111110000010111110000111011101010110111111100101100100010110011101001001101100000101100011111000100001101001
9 59 1100010011001010010110001000000010010000111011010010100001011110000100111111101000110010100001100100010000100010010110101010110101110111101100111000001011100001110110111000101011001110110111100011101101111100011101101110110110101001111100111010100000000011011110010101001001000000000000011000101000101101000110000011000001110101100001110101011100110001110100011111000010101011011011100101011101001001
9 60 1001101110110011001000100100010010110101111001100101001001110111010100001100111111111001010101011101000001011011110101011101011100010000010001100100001011000110001011011111100001110011100011000010010010110111001010010111010110111011001111010101010101010110001011011000011001111101001000010011010111010111000101010010101101001101010001111001111110111101110010001000001100100110111000011011101101100000111101001
9 61 1001101110110011001000100100010010110101111001100101001001110111010100001100111111111001010101011101000001011011110101011101011100010000010001100100001011000110001011011111100001110011100011000010010010110111001010010111010110111011001111010101010101010110001011011000011001111101001000010011010111010111000101010010101101001101010001111001111110111101110010001000001100100110111000011011101101100000111101001
9 62 1001000100011100011000110011110001000111010111101001000110010100001011011000100111000001001010111101101101010111100111011001110001111000101010111001000001000101101110001101110100011001101001000000100000110101101100101000000101100111110010011001000101010110000100001010010111001100110000110111000010101100011111011000110110010111100110101101010011001000010001100101110001011111110010101001010110010000000010011000100101
9 63 1110000011110010000000001111111010001000111110110011100100000011010110001010011111010001111011110100100101110111001000001001011011010010001010000111101111100001101110100101001110001110100011110000100111001010101111100010110001111000001011111101000100000001001010100001111111110010101110011111100101000001001111000001100001000011100001010001011000000000001101110000010111001000001010011101000011110010100101101110000100101110111
9 64 1010001001001100100000011011010111110111000101111001000011100010100000010101110001000010010111011111101111001100110101001110011111000100001001000010100101011010011010011010110101101001000010101011110000101100011111110000010101011001101011001110011011110101011010100101101110000111110001101001000011110110010100110101110101011001101011010111011110000011001000110100100110111001001100000010110010010100011101101110000000011101100111011111
9 65 1010001001001100100000011011010111110111000101111001000011100010100000010101110001000010010111011111101111001100110101001110011111000100001001000010100101011010011010011010110101101001000010101011110000101100011111110000010101011001101011001110011011110101011010100101101110000111110001101001000011110110010100110101110101011001101011010111011110000011001000110100100110111001001100000010110010010100011101101110000000011101100111011111
9 66 1010001001001100100000011011010111110111000101111001000011100010100000010101110001000010010111011111101111001100110101001110011111000100001001000010100101011010011010011010110101101001000010101011110000101100011111110000010101011001101011001110011011110101011010100101101110000111110001101001000011110110010100110101110101011001101011010111011110000011001000110100100110111001001100000010110010010100011101101110000000011101100111011111
9 67 1010001001001100100000011011010111110111000101111001000011100010100000010101110001000010010111011111101111001100110101001110011111000100001001000010100101011010011010011010110101101001000010101011110000101100011111110000010101011001101011001110011011110101011010100101101110000111110001101001000011110110010100110101110101011001101011010111011110000011001000110100100110111001001100000010110010010100011101101110000000011101100111011111
9 68 1010001001001100100000011011010111110111000101111001000011100010100000010101110001000010010111011111101111001100110101001110011111000100001001000010100101011010011010011010110101101001000010101011110000101100011111110000010101011001101011001110011011110101011010100101101110000111110001101001000011110110010100110101110101011001101011010111011110000011001000110100100110111001001100000010110010010100011101101110000000011101100111011111
9 69 1010001001001100100000011011010111110111000101111001000011100010100000010101110001000010010111011111101111001100110101001110011111000100001001000010100101011010011010011010110101101001000010101011110000101100011111110000010101011001101011001110011011110101011010100101101110000111110001101001000011110110010100110101110101011001101011010111011110000011001000110100100110111001001100000010110010010100011101101110000000011101100111011111
9 70 1010001001001100100000011011010111110111000101111001000011100010100000010101110001000010010111011111101111001100110101001110011111000100001001000010100101011010011010011010110101101001000010101011110000101100011111110000010101011001101011001110011011110101011010100101101110000111110001101001000011110110010100110101110101011001101011010111011110000011001000110100100110111001001100000010110010010100011101101110000000011101100111011111
9 71 1010001001001100100000011011010111110111000101111001000011100010100000010101110001000010010111011111101111001100110101001110011111000100001001000010100101011010011010011010110101101001000010101011110000101100011111110000010101011001101011001110011011110101011010100101101110000111110001101001000011110110010100110101110101011001101011010111011110000011001000110100100110111001001100000010110010010100011101101110000000011101100111011111
9 72 1010001001001100100000011011010111110111000101111001000011100010100000010101110001000010010111011111101111001100110101001110011111000100001001000010100101011010011010011010110101101001000010101011110000101100011111110000010101011001101011001110011011110101011010100101101110000111110001101001000011110110010100110101110101011001101011010111011110000011001000110100100110111001001100000010110010010100011101101110000000011101100111011111
9 73 1010001001001100100000011011010111110111000101111001000011100010100000010101110001000010010111011111101111001100110101001110011111000100001001000010100101011010011010011010110101101001000010101011110000101100011111110000010101011001101011001110011011110101011010100101101110000111110001101001000011110110010100110101110101011001101011010111011110000011001000110100100110111001001100000010110010010100011101101110000000011101100111011111
9 74 1010001001001100100000011011010111110111000101111001000011100010100000010101110001000010010111011111101111001100110101001110011111000100001001000010100101011010011010011010110101101001000010101011110000101100011111110000010101011001101011001110011011110101011010100101101110000111110001101001000011110110010100110101110101011001101011010111011110000011001000110100100110111001001100000010110010010100011101101110000000011101100111011111
9 75 1010001001001100100000011011010111110111000101111001000011100010100000010101110001000010010111011111101111001100110101001110011111000100001001000010100101011010011010011010110101101001000010101011110000101100011111110000010101011001101011001110011011110101011010100101101110000111110001101001000011110110010100110101110101011001101011010111011110000011001000110100100110111001001100000010110010010100011101101110000000011101100111011111
9 76 1010001001001100100000011011010111110111000101111001000011100010100000010101110001000010010111011111101111001100110101001110011111000100001001000010100101011010011010011010110101101001000010101011110000101100011111110000010101011001101011001110011011110101011010100101101110000111110001101001000011110110010100110101110101011001101011010111011110000011001000110100100110111001001100000010110010010100011101101110000000011101100111011111
9 77 1010001001001100100000011011010111110111000101111001000011100010100000010101110001000010010111011111101111001100110101001110011111000100001001000010100101011010011010011010110101101001000010101011110000101100011111110000010101011001101011001110011011110101011010100101101110000111110001101001000011110110010100110101110101011001101011010111011110000011001000110100100110111001001100000010110010010100011101101110000000011101100111011111
9 78 1010001001001100100000011011010111110111000101111001000011100010100000010101110001000010010111011111101111001100110101001110011111000100001001000010100101011010011010011010110101101001000010101011110000101100011111110000010101011001101011001110011011110101011010100101101110000111110001101001000011110110010100110101110101011001101011010111011110000011001000110100100110111001001100000010110010010100011101101110000000011101100111011111
9 79 1010001001001100100000011011010111110111000101111001000011100010100000010101110001000010010111011111101111001100110101001110011111000100001001000010100101011010011010011010110101101001000010101011110000101100011111110000010101011001101011001110011011110101011010100101101110000111110001101001000011110110010100110101110101011001101011010111011110000011001000110100100110111001001100000010110010010100011101101110000000011101100111011111
9 80 1010001001001100100000011011010111110111000101111001000011100010100000010101110001000010010111011111101111001100110101001110011111000100001001000010100101011010011010011010110101101001000010101011110000101100011111110000010101011001101011001110011011110101011010100101101110000111110001101001000011110110010100110101110101011001101011010111011110000011001000110100100110111001001100000010110010010100011101101110000000011101100111011111
9 81 1010001001001100100000011011010111110111000101111001000011100010100000010101110001000010010111011111101111001100110101001110011111000100001001000010100101011010011010011010110101101001000010101011110000101100011111110000010101011001101011001110011011110101011010100101101110000111110001101001000011110110010100110101110101011001101011010111011110000011001000110100100110111001001100000010110010010100011101101110000000011101100111011111
9 82 1010001001001100100000011011010111110111000101111001000011100010100000010101110001000010010111011111101111001100110101001110011111000100001001000010100101011010011010011010110101101001000010101011110000101100011111110000010101011001101011001110011011110101011010100101101110000111110001101001000011110110010100110101110101011001101011010111011110000011001000110100100110111001001100000010110010010100011101101110000000011101100111011111
9 83 1010001001001100100000011011010111110111000101111001000011100010100000010101110001000010010111011111101111001100110101001110011111000100001001000010100101011010011010011010110101101001000010101011110000101100011111110000010101011001101011001110011011110101011010100101101110000111110001101001000011110110010100110101110101011001101011010111011110000011001000110100100110111001001100000010110010010100011101101110000000011101100111011111
9 84 1010001001001100100000011011010111110111000101111001000011100010100000010101110001000010010111011111101111001100110101001110011111000100001001000010100101011010011010011010110101101001000010101011110000101100011111110000010101011001101011001110011011110101011010100101101110000111110001101001000011110110010100110101110101011001101011010111011110000011001000110100100110111001001100000010110010010100011101101110000000011101100111011111
9 85 1010001001001100100000011011010111110111000101111001000011100010100000010101110001000010010111011111101111001100110101001110011111000100001001000010100101011010011010011010110101101001000010101011110000101100011111110000010101011001101011001110011011110101011010100101101110000111110001101001000011110110010100110101110101011001101011010111011110000011001000110100100110111001001100000010110010010100011101101110000000011101100111011111
9 86 1000001111000101101010000000011100000110100111011110000011101110110101011101100010101101000000011110010110011101101011001101010010001101110100011000111101010011011111110111010001110001011100110000100010001111011101000111011011000010011111011000000111100100110101101100101001110001000111111110111101111110000110100010111011100110011111000110100111100110100100011101011000010100000111000010110110101001100010110100110111001011011111010100110000101
9 87 1000001111000101101010000000011100000110100111011110000011101110110101011101100010101101000000011110010110011101101011001101010010001101110100011000111101010011011111110111010001110001011100110000100010001111011101000111011011000010011111011000000111100100110101101100101001110001000111111110111101111110000110100010111011100110011111000110100111100110100100011101011000010100000111000010110110101001100010110100110111001011011111010100110000101
9 88 1101000000010001001111010111000001111010100110011001010111110111101010011011001001100000110000111010110010000100011101110100000101100010111100101101011111101010010010110110001010101100000110011001100001111111010110101010100010011011011001000011100111101101010001100100011001001011010011110001010101100100100100110001100111100101011001110001111110111010011000100000100001101111110010111100000001101000000011010110101000000110011001000000100000101111101101
9 89 1101000000010001001111010111000001111010100110011001010111110111101010011011001001100000110000111010110010000100011101110100000101100010111100101101011111101010010010110110001010101100000110011001100001111111010110101010100010011011011001000011100111101101010001100100011001001011010011110001010101100100100100110001100111100101011001110001111110111010011000100000100001101111110010111100000001101000000011010110101000000110011001000000100000101111101101
9 90 1101000000010001001111010111000001111010100110011001010111110111101010011011001001100000110000111010110010000100011101110100000101100010111100101101011111101010010010110110001010101100000110011001100001111111010110101010100010011011011001000011100111101101010001100100011001001011010011110001010101100100100100110001100111100101011001110001111110111010011000100000100001101111110010111100000001101000000011010110101000000110011001000000100000101111101101
9 91 1101000000010001001111010111000001111010100110011001010111110111101010011011001001100000110000111010110010000100011101110100000101100010111100101101011111101010010010110110001010101100000110011001100001111111010110101010100010011011011001000011100111101101010001100100011001001011010011110001010101100100100100110001100111100101011001110001111110111010011000100000100001101111110010111100000001101000000011010110101000000110011001000000100000101111101101
9 92 1110001101011101110100010010001110111111001000110100001111000100111010100001010011010110000001001011110001001110000000111111111000010011001011010110100001101011101010100101001001100110011100010000110101011111101101111100111111111100000111010110110000110110010100011100101001000100011101011001000100110110111010000010100011101100001011011001110100011001100000000110111100100011101011110001110000010001101010100100011110110110110000011101000001110001011011000001001
9 93 1110001101011101110100010010001110111111001000110100001111000100111010100001010011010110000001001011110001001110000000111111111000010011001011010110100001101011101010100101001001100110011100010000110101011111101101111100111111111100000111010110110000110110010100011100101001000100011101011001000100110110111010000010100011101100001011011001110100011001100000000110111100100011101011110001110000010001101010100100011110110110110000011101000001110001011011000001001
9 94 1001101110101101101001001100000111010111011001100101110110100101000101001001101001011100101111011000111000010001101101010010000011110100000110011111011100101111101011010101100111001001001011100010101111001001110001010011000101100101110011001110100100111001101101011001010101110101000010011001011011111111110111101000101101000111111011101111000001100010100110001001110100001110110011101100110010110110111000000100011100001000101000000100101100100101011111110000110010111001
9 95 1001101110101101101001001100000111010111011001100101110110100101000101001001101001011100101111011000111000010001101101010010000011110100000110011111011100101111101011010101100111001001001011100010101111001001110001010011000101100101110011001110100100111001101101011001010101110101000010011001011011111111110111101000101101000111111011101111000001100010100110001001110100001110110011101100110010110110111000000100011100001000101000000100101100100101011111110000110010111001
9 96 1000001101000001101010100101010010010111010010101101100110010011101000011001100010010110101111010100111111001101110101101101100011110110011100010011110110011111100010110100010010100111010110010010001110110110101000100011001000000010000011000110111101011101011000100111001000010011100101101001111111011111010110000010011111110011110100011000110111010001010110010010100101000101010001111010010110111111110100101011101010100110100110001001011111111010100000000101111001010001000010001
9 97 1000001101000001101010100101010010010111010010101101100110010011101000011001100010010110101111010100111111001101110101101101100011110110011100010011110110011111100010110100010010100111010110010010001110110110101000100011001000000010000011000110111101011101011000100111001000010011100101101001111111011111010110000010011111110011110100011000110111010001010110010010100101000101010001111010010110111111110100101011101010100110100110001001011111111010100000000101111001010001000010001
9 98 1000001101000001101010100101010010010111010010101101100110010011101000011001100010010110101111010100111111001101110101101101100011110110011100010011110110011111100010110100010010100111010110010010001110110110101000100011001000000010000011000110111101011101011000100111001000010011100101101001111111011111010110000010011111110011110100011000110111010001010110010010100101000101010001111010010110111111110100101011101010100110100110001001011111111010100000000101111001010001000010001
9 99 1000001101000001101010100101010010010111010010101101100110010011101000011001100010010110101111010100111111001101110101101101100011110110011100010011110110011111100010110100010010100111010110010010001110110110101000100011001000000010000011000110111101011101011000100111001000010011100101101001111111011111010110000010011111110011110100011000110111010001010110010010100101000101010001111010010110111111110100101011101010100110100110001001011111111010100000000101111001010001000010001
9 100 1000001101000001101010100101010010010111010010101101100110010011101000011001100010010110101111010100111111001101110101101101100011110110011100010011110110011111100010110100010010100111010110010010001110110110101000100011001000000010000011000110111101011101011000100111001000010011100101101001111111011111010110000010011111110011110100011000110111010001010110010010100101000101010001111010010110111111110100101011101010100110100110001001011111111010100000000101111001010001000010001
9 101 1000001101000001101010100101010010010111010010101101100110010011101000011001100010010110101111010100111111001101110101101101100011110110011100010011110110011111100010110100010010100111010110010010001110110110101000100011001000000010000011000110111101011101011000100111001000010011100101101001111111011111010110000010011111110011110100011000110111010001010110010010100101000101010001111010010110111111110100101011101010100110100110001001011111111010100000000101111001010001000010001
9 102 1000001101000001101010100101010010010111010010101101100110010011101000011001100010010110101111010100111111001101110101101101100011110110011100010011110110011111100010110100010010100111010110010010001110110110101000100011001000000010000011000110111101011101011000100111001000010011100101101001111111011111010110000010011111110011110100011000110111010001010110010010100101000101010001111010010110111111110100101011101010100110100110001001011111111010100000000101111001010001000010001
9 103 1000001101000001101010100101010010010111010010101101100110010011101000011001100010010110101111010100111111001101110101101101100011110110011100010011110110011111100010110100010010100111010110010010001110110110101000100011001000000010000011000110111101011101011000100111001000010011100101101001111111011111010110000010011111110011110100011000110111010001010110010010100101000101010001111010010110111111110100101011101010100110100110001001011111111010100000000101111001010001000010001
9 104 1000001101000001101010100101010010010111010010101101100110010011101000011001100010010110101111010100111111001101110101101101100011110110011100010011110110011111100010110100010010100111010110010010001110110110101000100011001000000010000011000110111101011101011000100111001000010011100101101001111111011111010110000010011111110011110100011000110111010001010110010010100101000101010001111010010110111111110100101011101010100110100110001001011111111010100000000101111001010001000010001
9 105 1000001101000001101010100101010010010111010010101101100110010011101000011001100010010110101111010100111111001101110101101101100011110110011100010011110110011111100010110100010010100111010110010010001110110110101000100011001000000010000011000110111101011101011000100111001000010011100101101001111111011111010110000010011111110011110100011000110111010001010110010010100101000101010001111010010110111111110100101011101010100110100110001001011111111010100000000101111001010001000010001
9 106 1000001101000001101010100101010010010111010010101101100110010011101000011001100010010110101111010100111111001101110101101101100011110110011100010011110110011111100010110100010010100111010110010010001110110110101000100011001000000010000011000110111101011101011000100111001000010011100101101001111111011111010110000010011111110011110100011000110111010001010110010010100101000101010001111010010110111111110100101011101010100110100110001001011111111010100000000101111001010001000010001
9 107 1000001101000001101010100101010010010111010010101101100110010011101000011001100010010110101111010100111111001101110101101101100011110110011100010011110110011111100010110100010010100111010110010010001110110110101000100011001000000010000011000110111101011101011000100111001000010011100101101001111111011111010110000010011111110011110100011000110111010001010110010010100101000101010001111010010110111111110100101011101010100110100110001001011111111010100000000101111001010001000010001
9 108 1000001101000001101010100101010010010111010010101101100110010011101000011001100010010110101111010100111111001101110101101101100011110110011100010011110110011111100010110100010010100111010110010010001110110110101000100011001000000010000011000110111101011101011000100111001000010011100101101001111111011111010110000010011111110011110100011000110111010001010110010010100101000101010001111010010110111111110100101011101010100110100110001001011111111010100000000101111001010001000010001
9 109 1000001101000001101010100101010010010111010010101101100110010011101000011001100010010110101111010100111111001101110101101101100011110110011100010011110110011111100010110100010010100111010110010010001110110110101000100011001000000010000011000110111101011101011000100111001000010011100101101001111111011111010110000010011111110011110100011000110111010001010110010010100101000101010001111010010110111111110100101011101010100110100110001001011111111010100000000101111001010001000010001
9 110 1101001010001001010010100011010001001110000001101110111001101000000001010110011111001111001101000100000111010010100001110110111110010011100001111000010011100011101111111000111001100000000111101001011000011011001001110110110101000011010010111101010100011000011111110000010101011000001011110000001111001011000111110011000011110100010000110111101010000011110111101001100011001111010011001000001111010111110000011011000010100001000001111100111011111000100100000111101010110011101011011101
9 111 1101001010001001010010100011010001001110000001101110111001101000000001010110011111001111001101000100000111010010100001110110111110010011100001111000010011100011101111111000111001100000000111101001011000011011001001110110110101000011010010111101010100011000011111110000010101011000001011110000001111001011000111110011000011110100010000110111101010000011110111101001100011001111010011001000001111010111110000011011000010100001000001111100111011111000100100000111101010110011101011011101
9 112 1111111000101110110010111010110001000011100010101001101111000011001010001000101001000001100101011100111001111001101000101000111000111100001001011100000000011011111111000111110101011000000010101011011111110111110001100011110000001111100110010000110000111100101010100110011000111101000001011111100111001010001011111100100011011101011011000010001010101011100110000001101101100011011111010111001010010010000001010100111001010110010100010101000000010110001100011101001000010001011100001000100111011
9 113 1111111000101110110010111010110001000011100010101001101111000011001010001000101001000001100101011100111001111001101000101000111000111100001001011100000000011011111111000111110101011000000010101011011111110111110001100011110000001111100110010000110000111100101010100110011000111101000001011111100111001010001011111100100011011101011011000010001010101011100110000001101101100011011111010111001010010010000001010100111001010110010100010101000000010110001100011101001000010001011100001000100111011
9 114 1111111000101110110010111010110001000011100010101001101111000011001010001000101001000001100101011100111001111001101000101000111000111100001001011100000000011011111111000111110101011000000010101011011111110111110001100011110000001111100110010000110000111100101010100110011000111101000001011111100111001010001011111100100011011101011011000010001010101011100110000001101101100011011111010111001010010010000001010100111001010110010100010101000000010110001100011101001000010001011100001000100111011
9 115 1111111000101110110010111010110001000011100010101001101111000011001010001000101001000001100101011100111001111001101000101000111000111100001001011100000000011011111111000111110101011000000010101011011111110111110001100011110000001111100110010000110000111100101010100110011000111101000001011111100111001010001011111100100011011101011011000010001010101011100110000001101101100011011111010111001010010010000001010100111001010110010100010101000000010110001100011101001000010001011100001000100111011
9 116 1111111000101110110010111010110001000011100010101001101111000011001010001000101001000001100101011100111001111001101000101000111000111100001001011100000000011011111111000111110101011000000010101011011111110111110001100011110000001111100110010000110000111100101010100110011000111101000001011111100111001010001011111100100011011101011011000010001010101011100110000001101101100011011111010111001010010010000001010100111001010110010100010101000000010110001100011101001000010001011100001000100111011
9 117 1111111000101110110010111010110001000011100010101001101111000011001010001000101001000001100101011100111001111001101000101000111000111100001001011100000000011011111111000111110101011000000010101011011111110111110001100011110000001111100110010000110000111100101010100110011000111101000001011111100111001010001011111100100011011101011011000010001010101011100110000001101101100011011111010111001010010010000001010100111001010110010100010101000000010110001100011101001000010001011100001000100111011
9 118 1111111000101110110010111010110001000011100010101001101111000011001010001000101001000001100101011100111001111001101000101000111000111100001001011100000000011011111111000111110101011000000010101011011111110111110001100011110000001111100110010000110000111100101010100110011000111101000001011111100111001010001011111100100011011101011011000010001010101011100110000001101101100011011111010111001010010010000001010100111001010110010100010101000000010110001100011101001000010001011100001000100111011
9 119 1111111000101110110010111010110001000011100010101001101111000011001010001000101001000001100101011100111001111001101000101000111000111100001001011100000000011011111111000111110101011000000010101011011111110111110001100011110000001111100110010000110000111100101010100110011000111101000001011111100111001010001011111100100011011101011011000010001010101011100110000001101101100011011111010111001010010010000001010100111001010110010100010101000000010110001100011101001000010001011100001000100111011
9 120 1010110100010010100001010001010101011001110010110110010100110100110011000100001001110001001101110010001000101101011011110100100011110110100101100011000111110010010111110001101100010111010000001001001111110100011101001111001010100100100000001101000011011111011001101101101010100011010111000000111011100011100110010111001111010101111000010111101110110000100000110011111010110000011110001010010101110111111001110101000001011001001100001111111011110011010100111011011101011111111000001000110010000111000011
9 121 1010110100010010100001010001010101011001110010110110010100110100110011000100001001110001001101110010001000101101011011110100100011110110100101100011000111110010010111110001101100010111010000001001001111110100011101001111001010100100100000001101000011011111011001101101101010100011010111000000111011100011100110010111001111010101111000010111101110110000100000110011111010110000011110001010010101110111111001110101000001011001001100001111111011110011010100111011011101011111111000001000110010000111000011
9 122 1010110100010010100001010001010101011001110010110110010100110100110011000100001001110001001101110010001000101101011011110100100011110110100101100011000111110010010111110001101100010111010000001001001111110100011101001111001010100100100000001101000011011111011001101101101010100011010111000000111011100011100110010111001111010101111000010111101110110000100000110011111010110000011110001010010101110111111001110101000001011001001100001111111011110011010100111011011101011111111000001000110010000111000011
9 123 1010110100010010100001010001010101011001110010110110010100110100110011000100001001110001001101110010001000101101011011110100100011110110100101100011000111110010010111110001101100010111010000001001001111110100011101001111001010100100100000001101000011011111011001101101101010100011010111000000111011100011100110010111001111010101111000010111101110110000100000110011111010110000011110001010010101110111111001110101000001011001001100001111111011110011010100111011011101011111111000001000110010000111000011
9 124 1010110100010010100001010001010101011001110010110110010100110100110011000100001001110001001101110010001000101101011011110100100011110110100101100011000111110010010111110001101100010111010000001001001111110100011101001111001010100100100000001101000011011111011001101101101010100011010111000000111011100011100110010111001111010101111000010111101110110000100000110011111010110000011110001010010101110111111001110101000001011001001100001111111011110011010100111011011101011111111000001000110010000111000011
9 125 1010110100010010100001010001010101011001110010110110010100110100110011000100001001110001001101110010001000101101011011110100100011110110100101100011000111110010010111110001101100010111010000001001001111110100011101001111001010100100100000001101000011011111011001101101101010100011010111000000111011100011100110010111001111010101111000010111101110110000100000110011111010110000011110001010010101110111111001110101000001011001001100001111111011110011010100111011011101011111111000001000110010000111000011
9 126 1010110100010010100001010001010101011001110010110110010100110100110011000100001001110001001101110010001000101101011011110100100011110110100101100011000111110010010111110001101100010111010000001001001111110100011101001111001010100100100000001101000011011111011001101101101010100011010111000000111011100011100110010111001111010101111000010111101110110000100000110011111010110000011110001010010101110111111001110101000001011001001100001111111011110011010100111011011101011111111000001000110010000111000011
9 127 1010110100010010100001010001010101011001110010110110010100110100110011000100001001110001001101110010001000101101011011110100100011110110100101100011000111110010010111110001101100010111010000001001001111110100011101001111001010100100100000001101000011011111011001101101101010100011010111000000111011100011100110010111001111010101111000010111101110110000100000110011111010110000011110001010010101110111111001110101000001011001001100001111111011110011010100111011011101011111111000001000110010000111000011
10 1 10010000001
10 2 111011100001100000001
10 3 1100100010001000100101010000101
10 4 11011001011110001001011111010111010000011
10 5 100111111111101010000000100001110011100001001111011
10 6 1011010100100011101000100000101010011101110101000010011011011
10 7 11010011000011100011010010111100110110111100111100111100011111010001011
10 8 101001110011000101001000000000000010000111010101100111101010010001001111000011111
10 9 1001100001011010100100111001111000101101001001000101011010010101000110110110101011100101101
10 10 11001001110101000110011011011001110100001110000100100100011001001000001011011001111111001011001000001
10 11 101100000110000111001000010000100001101110100100011101001101111101100011000101010010010111101110101101101111111
10 12 1111010101110111000100011001110101100100001111100110111001111011111111110001010010000100101100111010101110011100100111111
10 13 10001000101011110000101100001010110001110011110110011011110000000011101001100110101100110110101001111100010011110100111100000100011
10 14 110100111110111010001000011001100110000000000111010010100110010111110010101011000011010010010100010101011110101111001001111010011110111111001
10 15 1101100010101000000000011000100101001010111111110000001000001000011111101001110110010001010000000000001101011010101110100000001110101101110111101111101
10 16 10110010011000110011111101000001000000110010000010111011010111011000010000000111010111001100011011110010111011000100100100100001111001110110001011101000000100111
10 17 1000011000000010101111010111011101111011101001111000110010001110011000011110011000101111010001011100100010110011011101001001011010110011000110110011011011010100101101
10 18 11001101000000010100100111101010010101111010110100001000001001001101001110100011110100001000111100000011111101111000110011110011111011110101001001010101100001010111101000110111
10 19 101011100100010100100011110010001110001001110001110000001001100100110000001011110011001111000010001011010101111011011001011101111111111011011111100010110101011111011111100011000100010101
10 20 1101000001100100011111110001100101111010011001000000101110000001101001101011111111010001110100000100100010011000001011110100001001111100000000110110010111100110010011010010000010100100101101000101
10 21 11100000111110110110011101000101011001110001011110001100000011011010011000111101010010111110101110011101000100110000101100101111111011110000100010101111010100000010011001110001001000111110101011000110001001
10 22 111100100011001101111000011001110000100110111010110101110010001111000110010101101000010000110001010001100001101000001101001100010000100000001101111110101100101110100100111101111111100011000010001000101111010101101101
10 23 1111101011000100010000010100000001101011001010100001111100110110101111010001001111100110101100001100110010111001111101100000111001000100000010110100111100110010100101001010010001111110100010100100000001010100010101110101010111
10 24 10101101100111010101110110110011101111010111100011010010011110001100100101000000101100110101110000111101100101011000101111000101000101000100111010010110010000110000101100011001010111110111101010000000110101110110101001101100001100101001
10 25 100011100100010110011110110101101010000110001000000100100000011101001110001111100010011010110101101001001111001111011101100010111100001010010011100110101001011000000111000011101010101110001001011110111000110000010010111111011000110011110000001111
10 26 1110110000010000110110000111110011010101101011011001010101001011100110110111101000000100010000100111110011001111010110101001110001001011010100100101010010111010010111101110100011010110010111001001110110111110001000001111011001110001000011111010000000100011
10 27 10111101100100011010110000001100100010101110111000010101110011110100110100111101100101110111011001000100000110001010100000011111111101101000101010000011001101100100110110001111000100010110000100010101001110001101000101000111001111001110010100111111001101100100110111
10 28 111100011100101111111111111110100011001101111110100011111010010100100011010101011110111010100001000011000100000000111110100001010001101101011010101010111011000001110000011011010010100000101011001111000111000010001111110010111100100110000001100000000101110101110000000011100101
10 29 1111110101010100111110001111101001111011000100011111110110000101110111100011010010011000011111010110000001110000000011011000011110111101010010010001000001011010100000101000111001100011110101110011110000010111011000010110110001001101001010010011111011111001111010110010101010001000111111
10 30 11101010011111010010010000010111111110011100001000001111011111010011000010100110010001011100010010101101111100101101100010001011001010010101001001010100000010101100111110000000010100000100010011011000110110010101100101010101111000110100111100110100110100001011110011000000010100000100010100011101
10 31 100101000110111101011111010110101010110010011110111001111110011110000000001111010011100000111110010110001000011101010110010100111000000010100100100010111111110001100001011111101101111001101101001100101010111011111110110101001011010111100111101111011000101000000011110011010110111001101100000000100010001011
10 32 1010011000011101111010110101101101001001111010100010000011011000011010010001010001010011010101011001101101111001001111110110110110010110101111010010111001010011111011111110111101011001101011001100011001110101010010000111000011011101100100011101110111111111001000001101111101111100011110011001011111111010111000100101
10 33 1010011000011101111010110101101101001001111010100010000011011000011010010001010001010011010101011001101101111001001111110110110110010110101111010010111001010011111011111110111101011001101011001100011001110101010010000111000011011101100100011101110111111111001000001101111101111100011110011001011111111010111000100101
10 34 1010011000011101111010110101101101001001111010100010000011011000011010010001010001010011010101011001101101111001001111110110110110010110101111010010111001010011111011111110111101011001101011001100011001110101010010000111000011011101100100011101110111111111001000001101111101111100011110011001011111111010111000100101
10 35 10100101010001100011110110110001000111111100010111001100101100100101011000010001011110111111100111100110110111111000111010011110010011010011100110110010110100111100000010011011001011101111011011101011000101111001111111011011100100111011011001001100100110011010001011110101010101111101001111100101011110001111100001000111001001
10 36 111111100001010100100110101011101001001101010011111110010001111010000000001100100011101001000001100111010000000110101000001110110010001001101101101101111000110000101001010011000011101011011000000000001001100000010110101000110010000100010010100011010000001011010110110101110101000101001001110111001100011111111011101100110110010011000011
10 37 1011110111011100001100100011010010010110000111011001101011001001110011000100011101000110101100011100001110000001110100011001111010111111001100100111011101110110101011100010101110100000110000000110001011110000100010100001100010101111001000101111110110011111110000000101101001111001110101111101110110100011011100101001000001000100000011101101111001
10 38 11010000101100011100100111111000100110101000010111000001000101101000011110000110111111100110111101101011010110100000101110111001100010100110001001000110011000110100011010010110111101111100110010110001001111111011100011011000110100101110100110100110000111110010110001011111011111110000100111100000010111101000010110101001010011111001111000111101101101011101
10 39 101000100001101110001001100000000100001000101011101111010000111001000111100100110011100111010100110001110010110111000011100110110010100111110111110101110100100101110110100110000110000110011001010000000001101011100011111110010100111100100110000100100001110011000111000111000110011111001100111001111110001001011110111011000000001010111110100111010110101101011010101001
10 40 1101110101100100101011001011101100010000001110011010001001000011111000011000001001111100110111111011110011101010000110110101010100010010000000000011101010000011101111101010110001111101011000100100101111000001101001010001010010011000111101001011001011101101101111101100111000100000101011101001001110111101010000011000011110110000010101001010100010000111010110101000001101010001
10 41 1101110101100100101011001011101100010000001110011010001001000011111000011000001001111100110111111011110011101010000110110101010100010010000000000011101010000011101111101010110001111101011000100100101111000001101001010001010010011000111101001011001011101101101111101100111000100000101011101001001110111101010000011000011110110000010101001010100010000111010110101000001101010001
10 42 10111111001111101111011010100101100101110101101010110001000110010101101001110001010000100101100110100001101001011100011011101100010010101101101110100100001101100011111111100011100011011010001100000101111101100011111110011011011011111100001011111010000101110100000100110110010101000000101010111100000000011100001101101110001110011001111101110100110010110110100111111110101010000001111111
10 43 110011000111110001000111001000101110100010100000000101100110100010101001000001000111100101111100000000110001001001000100000000000100001111100110001010111011010100100000110110101111101001011001010001111010100000010000100000010010010100000111100001011100000111010000111101110010010100110100011110101001101001010111001110100111101000010101101010000000111101000101101110011101000011100101100010001011
10 44 1101011101101001110110010100010110110011011111011111110011010101010101011111100010101110010110101101010001111010101001011000100101001010000000100100001110110000110101110100101101001101101100010010111010011101000010001111011000100111001100000010010110000100000111100111111111001110100001010000000111001000111001101011101001100110110101011110010110010100100011010100001000010000011011110101110111110111100011
10 45 10000110101101110111000010000011100100011110110001110001001100100011010110001100001101011100101011101110010100101111010100000011011111001100110101011011101001101100101010001110111001011010000000101010001100011111011101001111110101100100110001010000101010110010111001111010101110011101101000101110000001101110001001001100010110011010100001111001010001101011111001101011011000011010000010101001101101011001110100001011
10 46 101010100010101111111000101010100011011000001001100111000010001010111011111001110010011100110110101011100100000111101000100101100100100001001100011111010110010001010101100100110011110010111111110110110000010011101101001110100100101110111011110011101001001100100111011100000011111101111110111110011101011110001100111001001100010100011100010011011001100100110000011010000010110101110100011101010010001111010011111000101111100101
10 47 1100110000101011001010010110011000111101100010100110100111100001110101010010000001101101011000111000111100011000001111110011001001101100111110011010011101001101010100011110111011110100100100000111011101010101000010010011101010110111010111001101000101001100101001100001100010011110010100011110010000001111001001000001100110010001000001110100101111100000111111011000101111000000010111101001001011001001101001010001000011111001111010100011
10 48 11111010010000110001110000011011010000100111110111101011111010110101000111100000101111001111111010100110011110010101011111110100011000011000100011011011010100001000100100001001111111100111111110001100111110100110001001011011011010110100000110100111111001001000101100011111100110010110100111000001110001011010101101100110010110011110111011111111101110101011111011001100001000111011101010101111000000100001010110000001010001111000011000111111110011
10 49 11111010010000110001110000011011010000100111110111101011111010110101000111100000101111001111111010100110011110010101011111110100011000011000100011011011010100001000100100001001111111100111111110001100111110100110001001011011011010110100000110100111111001001000101100011111100110010110100111000001110001011010101101100110010110011110111011111111101110101011111011001100001000111011101010101111000000100001010110000001010001111000011000111111110011
10 50 1011000110000100011111000011000101011101111010000101010100000101110000101111100111000011100101100100001110001111111101100011001110101100001110100100101101000011011000110001011110101110110010111010110100010001101111101101011101101001110111110000101010101110100000001011111010110110110110101000001101000100011000111110000110110100001100111010011110001111001100000000001110011001101011110010110011001011101010111101010110101011111000001111110111011011101
10 51 10001110011101011010111001000101101001111001011101110010010110010110010101111111111110110110110101001100100100010110100100110101001000110011100101001100001100110001110001110000110010000011110111011100011101000010111100100001010100000000011110100110110001110010111100100011000101111010110000010001010001110000010101100010000110100111010110101011010010001000000001001111000100001101101000010000110011010101101111101110001011000101000100100010110001111001011111101
10 52 101100100110000110000011001000011110110101000110011010001110110111001011111010001001101010100011101111010000000100111011101001110000001011001100111001101001001011111011111000101111111001001001111110001111011111000001000010011100110101101010111001111111001101000011010010110110111101110010000101111111100011000101101110001110110100101010100001111010010001100000101100101111100001100011010011101011001010110100110001101010101101101000111111000110010011001110110010001000011
10 53 1100011001101010001010000101110101011010000011101111111010110111001001110010110111000110100111101001000100110111001010110000001010010000010111110010110000011110011000100010010000010000001111010001011000111010100011111001110010000100010001110111110100010100001000101000100010101001110010100110101001001100100111010001011111011011100011111100010111110101100111110100111010011000100000001011011011100000011000011011111001001101000001000110101000001010000111000001100101101011011010001
10 54 11010111101110011001100110101110100000101010110000000110010001010010001001000101001001101001100011001100001000110000111101111001101101000111111010000110110100011100101001110010111110001111010001101000101110011101101100110000011000111101101111110001000110101101101001110110101101111111100001101100111101010010010010010001011100101110111110100100001111111000100001111100100110000101010011001100010010000010000100110001110110111001110101010000001111000000000101000010011101001010101010010000011
10 55 100011110000001100010001101110010111110011100100110011111100010101000011101011000100010000001111111110010110100001011011101000110001000010010000100011111001101001100111111101100011000111001010110110001001010010100000110010110000010111000110110111001010010110010001101101010110100111101000011111001100111001101011100100000011100011101000010110011110011101011101111111000000100110001111001010100010111101101010111001001000001000011110101000011111100011101110101110011001000011101101000000100110111100011
10 56 1100001001101101011001001111110011011110111101000100111011010111010100100001111011111000010010011100011001010001000010001011000011001101010101111010011010110011011111010111010001101111011110000100000010000011110011010000100100101001101011111011010111111000101111110101011000110011011111110001111010001001101100101101010110000011111111110110101111111011011000100111110101000010111101000001001011111000000111110100100110100000000110001110011000110100100010101000111110001001101100101101110000110111010000100010011
10 57 1100001001101101011001001111110011011110111101000100111011010111010100100001111011111000010010011100011001010001000010001011000011001101010101111010011010110011011111010111010001101111011110000100000010000011110011010000100100101001101011111011010111111000101111110101011000110011011111110001111010001001101100101101010110000011111111110110101111111011011000100111110101000010111101000001001011111000000111110100100110100000000110001110011000110100100010101000111110001001101100101101110000110111010000100010011
10 58 10011011100010101010101110110010011001000000010011101100011010010111000101001101111111010110111001101001100110000111010101110011001011000100011110101000100000000000010000000010101101101000000110000001001111010101000111100111010100010101001000100001011011100001010000110100000000111010011111111101111011011100111111000001010010110011010000001010110100010111100000011111011000001001011110001111111110100000000001101010111000010001101110101001011110100000001100000000001001101000111111001110101000000111010010010001101010111
10 59 100000000101001010100011100000101000011010010101001101111100000100000000110011100101010110010000110001010111101110101010011111011100000110011000101110011010001100100100110010111100111011111001000010100110101100011011001100100111100100011011101101111001111110110000010111001010011011101110110110111000101000001010001010010000010000100101011011100011000101010110001100110100001110010101000011000000011011101010111000011101110001010011000101110111101001001001110101101110000001110010011101111111000010010101101111101000001101110101111
10 60 1101101000010101111110110111110010010110100111001110001010101100101001000111111100111101010110100101110001111000101111010011110100010011111010001011000101001000110101011011001110010100100110100001100001011011010001110101100110110001011000100000010000110010001100111000100111100000110010111111011100110011111000010111010100001100001000101010110001011000100100110010100111100110011010110000000010110000001101010000011101011011110111011011111001001100000010100000101111100111000010111100100111110000000000101011010010110000011110100100001000001
10 61 10000110101001010111001110110011100001001000001010011100110010000001111001001111010010110110000001111000101110001101101000001110100111011001001101011111001000101010101101011111111101010101001100011101000110000110001011100101000000011101011010111010100011010100011011000001000100101101001101101110001101110100010001010011011011001000011100011000101001011011000110100101001011101011000101100001100000001011011100010000110101101101011001000001110001110100000011001111001000101011000011010001101111101110011101010010111111111100111011110110101010111101011
10 62 100011100010101101111010000111100011101001101101010101100111000100000001101111010100010011101010011101110110100110011101001011111111111000111110010101001111011111111010101111100010110111110100100000101001110100110110100000000111111100001010100110010110110011111010000110010001001000100001010101101101011010010001001000010011010001001110100011000111110100110100101110100110001010101000001100100001000110011100101000001000011100110011001011010010101001100001111100110100101111100000100110000010100000000111000010101111111100001101110000111111000100111111101010001
10 63 1000110101101011000111100110000111110110011000111001010001111010100000110111100001111010100000110100010111111100100001101100100011000010001110100100000110110010100011001010001001011001100001010011111011110011100100011110000110011110001010001110000111010001011111010100011011001110100000000000100111011110101110001010101100101010001000000001111110110001000110111101011010001100010011100011110010101000011101010100001000111100010000111101001010011001010000110001111111100101001011111101001100010010111010010001101010000110110011111010101011101000000111011111100101001101011
10 64 11110110100110001111110010010010100000101001101100111101101011100100111111110010110111010100111111011011111111110010110010101010010000010110000011011100001100100100011101101000011110100000000101001100001110011111111101000100001011010100001100000100000110001011110001110010010111100011100010101110100110000011001110110011001010110011100101011101001100110010000011001111011001101101111101001111011010000100001111000111000001001101101000001110100001100011010111000111100101001000101000011100100010100110100111100111010100010010111111110101100101100001110010111111101001100110010100011
10 65 11110110100110001111110010010010100000101001101100111101101011100100111111110010110111010100111111011011111111110010110010101010010000010110000011011100001100100100011101101000011110100000000101001100001110011111111101000100001011010100001100000100000110001011110001110010010111100011100010101110100110000011001110110011001010110011100101011101001100110010000011001111011001101101111101001111011010000100001111000111000001001101101000001110100001100011010111000111100101001000101000011100100010100110100111100111010100010010111111110101100101100001110010111111101001100110010100011
10 66 11110110100110001111110010010010100000101001101100111101101011100100111111110010110111010100111111011011111111110010110010101010010000010110000011011100001100100100011101101000011110100000000101001100001110011111111101000100001011010100001100000100000110001011110001110010010111100011100010101110100110000011001110110011001010110011100101011101001100110010000011001111011001101101111101001111011010000100001111000111000001001101101000001110100001100011010111000111100101001000101000011100100010100110100111100111010100010010111111110101100101100001110010111111101001100110010100011
10 67 11110110100110001111110010010010100000101001101100111101101011100100111111110010110111010100111111011011111111110010110010101010010000010110000011011100001100100100011101101000011110100000000101001100001110011111111101000100001011010100001100000100000110001011110001110010010111100011100010101110100110000011001110110011001010110011100101011101001100110010000011001111011001101101111101001111011010000100001111000111000001001101101000001110100001100011010111000111100101001000101000011100100010100110100111100111010100010010111111110101100101100001110010111111101001100110010100011
10 68 11110110100110001111110010010010100000101001101100111101101011100100111111110010110111010100111111011011111111110010110010101010010000010110000011011100001100100100011101101000011110100000000101001100001110011111111101000100001011010100001100000100000110001011110001110010010111100011100010101110100110000011001110110011001010110011100101011101001100110010000011001111011001101101111101001111011010000100001111000111000001001101101000001110100001100011010111000111100101001000101000011100100010100110100111100111010100010010111111110101100101100001110010111111101001100110010100011
10 69 11110110100110001111110010010010100000101001101100111101101011100100111111110010110111010100111111011011111111110010110010101010010000010110000011011100001100100100011101101000011110100000000101001100001110011111111101000100001011010100001100000100000110001011110001110010010111100011100010101110100110000011001110110011001010110011100101011101001100110010000011001111011001101101111101001111011010000100001111000111000001001101101000001110100001100011010111000111100101001000101000011100100010100110100111100111010100010010111111110101100101100001110010111111101001100110010100011
10 70 11110110100110001111110010010010100000101001101100111101101011100100111111110010110111010100111111011011111111110010110010101010010000010110000011011100001100100100011101101000011110100000000101001100001110011111111101000100001011010100001100000100000110001011110001110010010111100011100010101110100110000011001110110011001010110011100101011101001100110010000011001111011001101101111101001111011010000100001111000111000001001101101000001110100001100011010111000111100101001000101000011100100010100110100111100111010100010010111111110101100101100001110010111111101001100110010100011
10 71 11110110100110001111110010010010100000101001101100111101101011100100111111110010110111010100111111011011111111110010110010101010010000010110000011011100001100100100011101101000011110100000000101001100001110011111111101000100001011010100001100000100000110001011110001110010010111100011100010101110100110000011001110110011001010110011100101011101001100110010000011001111011001101101111101001111011010000100001111000111000001001101101000001110100001100011010111000111100101001000101000011100100010100110100111100111010100010010111111110101100101100001110010111111101001100110010100011
10 72 11110110100110001111110010010010100000101001101100111101101011100100111111110010110111010100111111011011111111110010110010101010010000010110000011011100001100100100011101101000011110100000000101001100001110011111111101000100001011010100001100000100000110001011110001110010010111100011100010101110100110000011001110110011001010110011100101011101001100110010000011001111011001101101111101001111011010000100001111000111000001001101101000001110100001100011010111000111100101001000101000011100100010100110100111100111010100010010111111110101100101100001110010111111101001100110010100011
10 73 11110110100110001111110010010010100000101001101100111101101011100100111111110010110111010100111111011011111111110010110010101010010000010110000011011100001100100100011101101000011110100000000101001100001110011111111101000100001011010100001100000100000110001011110001110010010111100011100010101110100110000011001110110011001010110011100101011101001100110010000011001111011001101101111101001111011010000100001111000111000001001101101000001110100001100011010111000111100101001000101000011100100010100110100111100111010100010010111111110101100101100001110010111111101001100110010100011
10 74 110100000101001111101111111101001010110111010101101100001101111111101001101111000111010100100111010110111000111000000110010100000001110000001000111011001010011010101101011001101000001100010011101110110010101011101010111110111100101100110101011001110110010000010100101001010010000111010011010010000101010100001110000100010101101111111001101100101010100111110011111010011011100000001010111110110101010010110010110010000111111010001010111101100010011111111010100100010101111100000011100101100001000111110010000000110111111111111010001000100010110111111001001011101110100000111111000100101101011
10 75 1110100100011110000101111111101011001011000000000001100001010001101101010100011000011110000110110010001010101110010000110010001110100110110000110101111100001000000101100001010010100001000001110010001101100001101000010010010101000110010111000011111100100001001110111100100101000000011000100011001110110011001000101011000010010100010000110100011110011100111011101010100001000011001110101110110111110111101010100010001100110000111000000000001100001010111000011001111111110001110010110000101111011010000111010010011000010110100110110000101100011101110001010111010101100000011111010011011100000011001111101
10 76 11101110111100010011000111011100111001000100010001011000100000010101010111101110100110100111110101101011110000000110001111001000110000010110100101010111110101110001100010111100100111111101011011011111000000001010010100110101100100101101101000111011111101110100101111111111110101011101000101101001100010000011110111011110010101000001101000101111100101011011110001111111010101110101000101010011101110000110011011100111100100110000001110101011000100001111101110111010001110011011000000001111110010000000110001011011110110101011011110100011000010010111111100001000010110011111011010000010010110100110010100011010011
10 77 11101110111100010011000111011100111001000100010001011000100000010101010111101110100110100111110101101011110000000110001111001000110000010110100101010111110101110001100010111100100111111101011011011111000000001010010100110101100100101101101000111011111101110100101111111111110101011101000101101001100010000011110111011110010101000001101000101111100101011011110001111111010101110101000101010011101110000110011011100111100100110000001110101011000100001111101110111010001110011011000000001111110010000000110001011011110110101011011110100011000010010111111100001000010110011111011010000010010110100110010100011010011
10 78 111101011011111011000000010001100101000100011111011010001111001001010111000000101001101101110011010010000110101100011100011100001111110011111101101111110110100100011000100110011011111011001010111010100001000101110101110110011010101001010110101011111010111100001011100110101101000110011011000110010111110000001001111111111010011100000100100010011100111101101000000001001010011001111010100001011010000100110111110110000010101100111001000001001001011010000110110110010011010110110110100000100101001100101111101010011101111001110111001010001101111011001011101100001100001010100010011101101010011111011000110000101000110101011
10 79 1001010101100101101001000001111011001111101110101110111111000011101000110100010101011001001011110111110110101011011101001000111110110101110010110000111011100110111010000011111001000010101010101100011011110011101110101101111101001110000011000000000101001010111011111001111100100010110010101011111110011100101111110101110000000011100011001010111111010011110010110101010001010011101011010100110111011010110011101101010010110100000101100111110100111100010010000110010001001011110110001010011000001001110011111010111110100000101000011101011010101101000100110001010010100010010010101001001110100100011000000011000001110110001011101010111
10 80 11110100011000111101111000010100010011110111101011110111111111000010010111101010001100001000010010101111010011111011101101011011010000010010010110001111110101111110001101010010011100000101010011101111001010101100001111010001001011111100100100001100101001001001001110011111000110101011000011011001110000011000001111011001100100111000010101110010110100011000101101101000000011111110001111010100101010110010010111100010000010010011011001110011011110000000000000001101011010001010111001011010011100010011101100100001110000100010110111100111111001100111010001010101000000000111111110001011101111001100111101001110011000010111001110110110000010001
10 81 11110100011000111101111000010100010011110111101011110111111111000010010111101010001100001000010010101111010011111011101101011011010000010010010110001111110101111110001101010010011100000101010011101111001010101100001111010001001011111100100100001100101001001001001110011111000110101011000011011001110000011000001111011001100100111000010101110010110100011000101101101000000011111110001111010100101010110010010111100010000010010011011001110011011110000000000000001101011010001010111001011010011100010011101100100001110000100010110111100111111001100111010001010101000000000111111110001011101111001100111101001110011000010111001110110110000010001
10 82 11110100011000111101111000010100010011110111101011110111111111000010010111101010001100001000010010101111010011111011101101011011010000010010010110001111110101111110001101010010011100000101010011101111001010101100001111010001001011111100100100001100101001001001001110011111000110101011000011011001110000011000001111011001100100111000010101110010110100011000101101101000000011111110001111010100101010110010010111100010000010010011011001110011011110000000000000001101011010001010111001011010011100010011101100100001110000100010110111100111111001100111010001010101000000000111111110001011101111001100111101001110011000010111001110110110000010001
10 83 1110110101001100101110110010011001100100111011100111111010111100010000000111100000100111000100000001111111011100001100011110101011110011000010000001001001010011101000000010001010101101110111001101010110110110110011011011010110000011010011100110010101010101001001010111000000000001001100110100010000110111101111111011110001101101011010011111011100011101001101100101111001001110011000001011000010011011000110000111000101011000010110010000111010001100110000000000110010101110111111101110001111101100100101011001110011110100011110010011010000100101100010010111110100001000011100111000011010010110101100001101110111011110010101100101110101111001110101
10 84 10010000000000001011000001101010000111110011001110001011011001000110000011010001011110010000101000110101011101100011010000100110011101101011001000101000101001001010101000011000000000111100011000101001010100111010101011000111011001101010110010110100010001101110011100100010111111011011011010101111000001110001101000001010000110000001010011110010000101010001111001011110001011011111001100111101110101001000000110011010010100001011010100010001001100101000001110111010011111101101010000110010110010111110001011111111100010111010010111111100001000011110110101001010111001011111110111010100011101101110010000110110111110011101100011000100101000010010011101101101
10 85 10010000000000001011000001101010000111110011001110001011011001000110000011010001011110010000101000110101011101100011010000100110011101101011001000101000101001001010101000011000000000111100011000101001010100111010101011000111011001101010110010110100010001101110011100100010111111011011011010101111000001110001101000001010000110000001010011110010000101010001111001011110001011011111001100111101110101001000000110011010010100001011010100010001001100101000001110111010011111101101010000110010110010111110001011111111100010111010010111111100001000011110110101001010111001011111110111010100011101101110010000110110111110011101100011000100101000010010011101101101