3 7
4 11
4 13
5 19
5 25
5 31
6 37
6 41
6 47
6 55
6 59
6 61
7 67
7 73
7 87
7 91
7 97
7 103
7 109
7 115
7 117
8 131
8 137
8 143
8 145
8 157
8 167
8 171
8 185
8 191
8 193
8 203
8 211
8 213
8 229
8 239
8 241
8 247
8 253
9 283
9 285
9 299
9 301
9 313
9 319
9 333
9 351
9 355
9 357
9 361
9 369
9 375
9 379
9 391
9 395
9 397
9 415
9 419
9 425
9 433
9 445
9 451
9 463
9 471
9 477
9 487
9 499
9 501
9 505
10 515
10 529
10 535
10 539
10 545
10 557
10 563
10 587
10 601
10 607
10 613
10 617
10 623
10 631
10 637
10 647
10 661
10 665
10 675
10 677
10 687
10 695
10 701
10 719
10 721
10 731
10 757
10 761
10 769
10 787
10 789
10 799
10 803
10 817
10 827
10 841
10 847
10 859
10 865
10 875
10 877
10 883
10 895
10 901
10 911
10 929
10 949
10 953
10 967
10 971
10 973
10 981
10 985
10 995
10 1001
10 1019
11 1033
11 1039
11 1051
11 1053
11 1063
11 1069
11 1077
11 1095
11 1107
11 1123
11 1125
11 1135
11 1153
11 1163
11 1177
11 1193
11 1199
11 1221
11 1225
11 1239
11 1255
11 1261
11 1267
11 1279
11 1291
11 1293
11 1305
11 1311
11 1315
11 1329
11 1341
11 1347
11 1367
11 1377
11 1383
11 1387
11 1413
11 1423
11 1431
11 1435
11 1441
11 1451
11 1465
11 1473
11 1479
11 1509
11 1527
11 1531
11 1555
11 1557
11 1571
11 1573
11 1585
11 1591
11 1603
11 1615
11 1617
11 1627
11 1657
11 1663
11 1669
11 1673
11 1703
11 1709
11 1717
11 1727
11 1729
11 1741
11 1747
11 1759
11 1783
11 1789
11 1807
11 1809
11 1815
11 1821
11 1825
11 1835
11 1845
11 1849
11 1863
11 1869
11 1877
11 1881
11 1891
11 1915
11 1917
11 1921
11 1927
11 1933
11 1939
11 1961
11 1969
11 1989
11 2011
11 2027
11 2035
11 2041
11 2047
12 2053
12 2071
12 2091
12 2093
12 2119
12 2147
12 2149
12 2161
12 2171
12 2189
12 2197
12 2207
12 2217
12 2225
12 2243
12 2255
12 2257
12 2273
12 2279
12 2283
12 2293
12 2317
12 2323
12 2341
12 2345
12 2359
12 2363
12 2365
12 2373
12 2377
12 2385
12 2395
12 2419
12 2421
12 2431
12 2435
12 2447
12 2475
12 2477
12 2489
12 2503
12 2521
12 2533
12 2543
12 2551
12 2561
12 2567
12 2579
12 2581
12 2601
12 2633
12 2657
12 2669
12 2681
12 2687
12 2693
12 2705
12 2717
12 2727
12 2731
12 2739
12 2741
12 2773
12 2783
12 2787
12 2793
12 2799
12 2801
12 2811
12 2819
12 2825
12 2833
12 2867
12 2879
12 2881
12 2891
12 2905
12 2911
12 2917
12 2927
12 2941
12 2951
12 2955
12 2963
12 2965
12 2991
12 2999
12 3005
12 3017
12 3035
12 3037
12 3047
12 3053
12 3083
12 3085
12 3097
12 3103
12 3121
12 3159
12 3169
12 3179
12 3187
12 3189
12 3205
12 3209
12 3223
12 3227
12 3229
12 3251
12 3263
12 3271
12 3277
12 3283
12 3285
12 3299
12 3305
12 3319
12 3331
12 3343
12 3357
12 3367
12 3373
12 3393
12 3399
12 3413
12 3417
12 3427
12 3439
12 3441
12 3475
12 3487
12 3497
12 3515
12 3517
12 3529
12 3543
12 3547
12 3553
12 3559
12 3573
12 3583
12 3589
12 3613
12 3617
12 3623
12 3627
12 3635
12 3641
12 3655
12 3659
12 3669
12 3679
12 3697
12 3707
12 3709
12 3713
12 3731
12 3743
12 3747
12 3771
12 3785
12 3791
12 3805
12 3827
12 3833
12 3851
12 3865
12 3889
12 3895
12 3933
12 3947
12 3949
12 3957
12 3961
12 3971
12 3985
12 3991
12 3995
12 4007
12 4013
12 4021
12 4045
12 4051
12 4069
12 4073
12 4091
13 4105
13 4119
13 4129
13 4147
13 4149
13 4159
13 4173
13 4179
13 4201
13 4215
13 4219
13 4221
13 4225
13 4235
13 4249
13 4259
13 4261
13 4303
13 4305
13 4331
13 4333
13 4351
13 4359
13 4383
13 4387
13 4401
13 4407
13 4411
13 4431
13 4439
13 4449
13 4459
13 4461
13 4473
13 4483
13 4485
13 4497
13 4523
13 4531
13 4569
13 4575
13 4579
13 4591
13 4593
13 4609
13 4621
13 4627
13 4633
13 4645
13 4663
13 4667
13 4669
13 4675
13 4677
13 4711
13 4717
13 4723
13 4735
13 4789
13 4793
13 4801
13 4811
13 4873
13 4879
13 4891
13 4893
13 4897
13 4915
13 4921
13 4927
13 4941
13 4965
13 4977
13 5017
13 5023
13 5027
13 5033
13 5039
13 5051
13 5059
13 5073
13 5079
13 5085
13 5107
13 5109
13 5127
13 5139
13 5169
13 5175
13 5193
13 5199
13 5211
13 5213
13 5223
13 5227
13 5237
13 5247
13 5257
13 5281
13 5287
13 5293
13 5301
13 5325
13 5331
13 5337
13 5343
13 5349
13 5391
13 5405
13 5451
13 5453
13 5505
13 5523
13 5541
13 5545
13 5563
13 5573
13 5591
13 5597
13 5611
13 5625
13 5635
13 5641
13 5659
13 5695
13 5697
13 5703
13 5707
13 5717
13 5721
13 5731
13 5733
13 5743
13 5779
13 5797
13 5821
13 5827
13 5833
13 5841
13 5857
13 5863
13 5875
13 5887
13 5899
13 5909
13 5913
13 5949
13 5955
13 5957
13 5967
13 5975
13 5981
13 6003
13 6005
13 6009
13 6025
13 6031
13 6039
13 6045
13 6061
13 6067
13 6079
13 6081
13 6111
13 6139
13 6151
13 6157
13 6175
13 6179
13 6193
13 6199
13 6217
13 6231
13 6237
13 6253
13 6265
13 6271
13 6275
13 6289
13 6295
13 6305
13 6329
13 6347
13 6349
13 6383
13 6385
13 6395
13 6405
13 6409
13 6427
13 6445
13 6453
13 6465
13 6475
13 6495
13 6501
13 6511
13 6523
13 6529
13 6539
13 6553
13 6577
13 6583
13 6589
13 6601
13 6607
13 6621
13 6631
13 6637
13 6649
13 6683
13 6685
13 6689
13 6699
13 6707
13 6733
13 6739
13 6741
13 6751
13 6755
13 6761
13 6779
13 6795
13 6833
13 6853
13 6865
13 6881
13 6887
13 6891
13 6901
13 6923
13 6925
13 6931
13 6937
13 6943
13 6959
13 6981
13 6999
13 7049
13 7055
13 7057
13 7079
13 7093
13 7097
13 7103
13 7105
13 7115
13 7123
13 7139
13 7165
13 7171
13 7173
13 7183
13 7185
13 7191
13 7207
13 7245
13 7263
13 7303
13 7327
13 7333
13 7351
13 7355
13 7365
13 7369
13 7375
13 7383
13 7403
13 7405
13 7411
13 7425
13 7431
13 7459
13 7471
13 7485
13 7491
13 7505
13 7515
13 7517
13 7527
13 7541
13 7545
13 7555
13 7557
13 7561
13 7569
13 7591
13 7603
13 7617
13 7663
13 7687
13 7701
13 7705
13 7727
13 7739
13 7741
13 7749
13 7761
13 7773
13 7777
13 7783
13 7795
13 7823
13 7831
13 7835
13 7865
13 7871
13 7885
13 7891
13 7907
13 7921
13 7927
13 7939
13 7953
13 7963
13 7975
13 7993
13 8007
13 8011
13 8019
13 8037
13 8049
13 8061
13 8065
13 8077
13 8089
13 8111
13 8123
13 8125
13 8131
13 8133
13 8137
13 8161
13 8173
13 8191
14 8219
14 8231
14 8245
14 8275
14 8293
14 8303
14 8331
14 8333
14 8351
14 8357
14 8367
14 8379
14 8381
14 8387
14 8393
14 8417
14 8435
14 8461
14 8469
14 8489
14 8495
14 8507
14 8515
14 8551
14 8555
14 8569
14 8585
14 8599
14 8605
14 8639
14 8641
14 8647
14 8653
14 8671
14 8675
14 8689
14 8699
14 8729
14 8741
14 8759
14 8765
14 8771
14 8795
14 8797
14 8825
14 8831
14 8841
14 8855
14 8859
14 8883
14 8895
14 8909
14 8943
14 8951
14 8955
14 8965
14 8999
14 9003
14 9031
14 9045
14 9049
14 9071
14 9073
14 9085
14 9095
14 9101
14 9109
14 9123
14 9129
14 9137
14 9143
14 9147
14 9185
14 9197
14 9209
14 9227
14 9235
14 9247
14 9253
14 9257
14 9277
14 9297
14 9303
14 9313
14 9325
14 9343
14 9347
14 9371
14 9373
14 9397
14 9407
14 9409
14 9415
14 9419
14 9443
14 9481
14 9495
14 9501
14 9505
14 9517
14 9529
14 9555
14 9557
14 9571
14 9585
14 9591
14 9607
14 9611
14 9621
14 9625
14 9631
14 9647
14 9661
14 9669
14 9679
14 9687
14 9707
14 9731
14 9733
14 9745
14 9773
14 9791
14 9803
14 9811
14 9817
14 9833
14 9847
14 9851
14 9863
14 9875
14 9881
14 9905
14 9911
14 9917
14 9923
14 9963
14 9973
14 10003
14 10025
14 10043
14 10063
14 10071
14 10077
14 10091
14 10099
14 10105
14 10115
14 10129
14 10145
14 10169
14 10183
14 10187
14 10207
14 10223
14 10225
14 10247
14 10265
14 10271
14 10275
14 10289
14 10299
14 10301
14 10309
14 10343
14 10357
14 10373
14 10411
14 10413
14 10431
14 10445
14 10453
14 10463
14 10467
14 10473
14 10491
14 10505
14 10511
14 10513
14 10523
14 10539
14 10549
14 10559
14 10561
14 10571
14 10581
14 10615
14 10621
14 10625
14 10643
14 10655
14 10671
14 10679
14 10685
14 10691
14 10711
14 10739
14 10741
14 10755
14 10767
14 10781
14 10785
14 10803
14 10805
14 10829
14 10857
14 10863
14 10865
14 10875
14 10877
14 10917
14 10921
14 10929
14 10949
14 10967
14 10971
14 10987
14 10995
14 11009
14 11029
14 11043
14 11045
14 11055
14 11063
14 11075
14 11081
14 11117
14 11135
14 11141
14 11159
14 11163
14 11181
14 11187
14 11225
14 11237
14 11261
14 11279
14 11297
14 11307
14 11309
14 11327
14 11329
14 11341
14 11377
14 11403
14 11405
14 11413
14 11427
14 11439
14 11453
14 11461
14 11473
14 11479
14 11489
14 11495
14 11499
14 11533
14 11545
14 11561
14 11567
14 11575
14 11579
14 11589
14 11611
14 11623
14 11637
14 11657
14 11663
14 11687
14 11691
14 11701
14 11747
14 11761
14 11773
14 11783
14 11795
14 11797
14 11817
14 11849
14 11855
14 11867
14 11869
14 11873
14 11883
14 11919
14 11921
14 11927
14 11933
14 11947
14 11955
14 11961
14 11999
14 12027
14 12029
14 12037
14 12041
14 12049
14 12055
14 12095
14 12097
14 12107
14 12109
14 12121
14 12127
14 12133
14 12137
14 12181
14 12197
14 12207
14 12209
14 12239
14 12253
14 12263
14 12269
14 12277
14 12287
14 12295
14 12309
14 12313
14 12335
14 12361
14 12367
14 12391
14 12409
14 12415
14 12433
14 12449
14 12469
14 12479
14 12481
14 12499
14 12505
14 12517
14 12527
14 12549
14 12559
14 12597
14 12615
14 12621
14 12639
14 12643
14 12657
14 12667
14 12707
14 12713
14 12727
14 12741
14 12745
14 12763
14 12769
14 12779
14 12781
14 12787
14 12799
14 12809
14 12815
14 12829
14 12839
14 12857
14 12875
14 12883
14 12889
14 12901
14 12929
14 12947
14 12953
14 12959
14 12969
14 12983
14 12987
14 12995
14 13015
14 13019
14 13031
14 13063
14 13077
14 13103
14 13137
14 13149
14 13173
14 13207
14 13211
14 13227
14 13241
14 13249
14 13255
14 13269
14 13283
14 13285
14 13303
14 13307
14 13321
14 13339
14 13351
14 13377
14 13389
14 13407
14 13417
14 13431
14 13435
14 13447
14 13459
14 13465
14 13477
14 13501
14 13513
14 13531
14 13543
14 13561
14 13581
14 13599
14 13605
14 13617
14 13623
14 13637
14 13647
14 13661
14 13677
14 13683
14 13695
14 13725
14 13729
14 13753
14 13773
14 13781
14 13785
14 13795
14 13801
14 13807
14 13825
14 13835
14 13855
14 13861
14 13871
14 13883
14 13897
14 13905
14 13915
14 13939
14 13941
14 13969
14 13979
14 13981
14 13997
14 14027
14 14035
14 14037
14 14051
14 14063
14 14085
14 14095
14 14107
14 14113
14 14125
14 14137
14 14145
14 14151
14 14163
14 14193
14 14199
14 14219
14 14229
14 14233
14 14243
14 14277
14 14287
14 14289
14 14295
14 14301
14 14305
14 14323
14 14339
14 14341
14 14359
14 14365
14 14375
14 14387
14 14411
14 14425
14 14441
14 14449
14 14499
14 14513
14 14523
14 14537
14 14543
14 14561
14 14579
14 14585
14 14593
14 14599
14 14603
14 14611
14 14641
14 14671
14 14695
14 14701
14 14723
14 14725
14 14743
14 14753
14 14759
14 14765
14 14795
14 14797
14 14803
14 14831
14 14839
14 14845
14 14855
14 14889
14 14895
14 14909
14 14929
14 14941
14 14945
14 14951
14 14963
14 14965
14 14985
14 15033
14 15039
14 15053
14 15059
14 15061
14 15071
14 15077
14 15081
14 15099
14 15121
14 15147
14 15149
14 15157
14 15167
14 15187
14 15193
14 15203
14 15205
14 15215
14 15217
14 15223
14 15243
14 15257
14 15269
14 15273
14 15287
14 15291
14 15313
14 15335
14 15347
14 15359
14 15373
14 15379
14 15381
14 15391
14 15395
14 15397
14 15419
14 15439
14 15453
14 15469
14 15491
14 15503
14 15517
14 15527
14 15531
14 15545
14 15559
14 15593
14 15611
14 15613
14 15619
14 15639
14 15643
14 15649
14 15661
14 15667
14 15669
14 15681
14 15693
14 15717
14 15721
14 15741
14 15745
14 15765
14 15793
14 15799
14 15811
14 15825
14 15835
14 15847
14 15851
14 15865
14 15877
14 15881
14 15887
14 15899
14 15915
14 15935
14 15937
14 15955
14 15973
14 15977
14 16011
14 16035
14 16061
14 16069
14 16087
14 16093
14 16097
14 16121
14 16141
14 16153
14 16159
14 16165
14 16183
14 16189
14 16195
14 16197
14 16201
14 16209
14 16215
14 16225
14 16259
14 16265
14 16273
14 16299
14 16309
14 16355
14 16375
14 16381
15 16417
15 16427
15 16435
15 16441
15 16447
15 16467
15 16479
15 16485
15 16507
15 16519
15 16553
15 16559
15 16571
15 16573
15 16591
15 16599
15 16619
15 16627
15 16633
15 16651
15 16653
15 16659
15 16699
15 16707
15 16713
15 16727
15 16743
15 16749
15 16785
15 16795
15 16797
15 16807
15 16811
15 16813
15 16821
15 16853
15 16857
15 16881
15 16897
15 16909
15 16965
15 16969
15 16983
15 16993
15 17011
15 17017
15 17023
15 17027
15 17029
15 17053
15 17057
15 17095
15 17099
15 17101
15 17123
15 17129
15 17135
15 17155
15 17161
15 17179
15 17185
15 17191
15 17215
15 17257
15 17275
15 17277
15 17287
15 17301
15 17327
15 17353
15 17373
15 17387
15 17389
15 17407
15 17419
15 17421
15 17475
15 17501
15 17523
15 17545
15 17601
15 17619
15 17621
15 17631
15 17635
15 17649
15 17659
15 17667
15 17673
15 17679
15 17707
15 17721
15 17753
15 17775
15 17783
15 17789
15 17805
15 17817
15 17823
15 17829
15 17847
15 17861
15 17865
15 17873
15 17879
15 17895
15 17907
15 17919
15 17935
15 17949
15 17959
15 17973
15 17991
15 18009
15 18019
15 18033
15 18043
15 18061
15 18067
15 18069
15 18083
15 18085
15 18117
15 18127
15 18139
15 18155
15 18175
15 18213
15 18225
15 18243
15 18255
15 18303
15 18313
15 18321
15 18331
15 18343
15 18357
15 18369
15 18387
15 18393
15 18405
15 18409
15 18415
15 18429
15 18451
15 18457
15 18463
15 18491
15 18499
15 18513
15 18523
15 18529
15 18535
15 18559
15 18563
15 18577
15 18623
15 18631
15 18659
15 18673
15 18679
15 18685
15 18717
15 18721
15 18733
15 18745
15 18753
15 18771
15 18783
15 18789
15 18793
15 18807
15 18823
15 18827
15 18857
15 18895
15 18897
15 18909
15 18913
15 18919
15 18967
15 18997
15 19033
15 19045
15 19067
15 19073
15 19079
15 19083
15 19091
15 19107
15 19119
15 19133
15 19145
15 19165
15 19181
15 19193
15 19231
15 19255
15 19273
15 19291
15 19297
15 19307
15 19309
15 19315
15 19321
15 19333
15 19343
15 19351
15 19361
15 19371
15 19379
15 19385
15 19403
15 19405
15 19413
15 19423
15 19441
15 19451
15 19465
15 19483
15 19485
15 19495
15 19499
15 19519
15 19527
15 19531
15 19539
15 19541
15 19557
15 19581
15 19597
15 19621
15 19645
15 19653
15 19665
15 19671
15 19693
15 19711
15 19733
15 19743
15 19753
15 19761
15 19781
15 19791
15 19793
15 19829
15 19845
15 19855
15 19885
15 19891
15 19905
15 19923
15 19953
15 19963
15 19969
15 19989
15 20003
15 20023
15 20035
15 20041
15 20049
15 20075
15 20077
15 20099
15 20123
15 20147
15 20179
15 20197
15 20201
15 20207
15 20253
15 20257
15 20299
15 20309
15 20319
15 20329
15 20335
15 20353
15 20365
15 20383
15 20389
15 20393
15 20407
15 20411
15 20439
15 20459
15 20461
15 20473
15 20487
15 20511
15 20517
15 20571
15 20573
15 20641
15 20683
15 20693
15 20697
15 20707
15 20713
15 20719
15 20731
15 20763
15 20769
15 20781
15 20799
15 20819
15 20825
15 20831
15 20847
15 20861
15 20875
15 20889
15 20901
15 20913
15 20919
15 20943
15 20945
15 20955
15 20971
15 20973
15 20981
15 20991
15 20997
15 21007
15 21037
15 21093
15 21105
15 21131
15 21145
15 21155
15 21169
15 21181
15 21187
15 21189
15 21199
15 21201
15 21223
15 21227
15 21241
15 21249
15 21273
15 21285
15 21289
15 21303
15 21321
15 21339
15 21351
15 21365
15 21403
15 21405
15 21415
15 21433
15 21439
15 21447
15 21459
15 21477
15 21489
15 21501
15 21507
15 21519
15 21527
15 21557
15 21561
15 21575
15 21593
15 21599
15 21627
15 21645
15 21651
15 21653
15 21663
15 21681
15 21687
15 21691
15 21725
15 21729
15 21739
15 21779
15 21785
15 21807
15 21815
15 21863
15 21867
15 21877
15 21881
15 21887
15 21891
15 21893
15 21905
15 21911
15 21933
15 21953
15 21971
15 21983
15 21993
15 22007
15 22023
15 22029
15 22037
15 22051
15 22057
15 22063
15 22065
15 22103
15 22109
15 22171
15 22187
15 22189
15 22195
15 22209
15 22215
15 22221
15 22257
15 22263
15 22267
15 22315
15 22317
15 22335
15 22347
15 22357
15 22361
15 22371
15 22373
15 22397
15 22419
15 22447
15 22461
15 22467
15 22469
15 22487
15 22503
15 22515
15 22531
15 22545
15 22561
15 22573
15 22579
15 22581
15 22591
15 22593
15 22653
15 22663
15 22667
15 22677
15 22681
15 22691
15 22703
15 22705
15 22737
15 22749
15 22759
15 22763
15 22777
15 22783
15 22803
15 22819
15 22843
15 22863
15 22911
15 22927
15 22935
15 22941
15 22945
15 22951
15 22955
15 22965
15 22987
15 23007
15 23017
15 23037
15 23053
15 23059
15 23071
15 23077
15 23099
15 23101
15 23107
15 23109
15 23113
15 23157
15 23183
15 23207
15 23221
15 23233
15 23251
15 23253
15 23257
15 23287
15 23311
15 23319
15 23325
15 23339
15 23347
15 23353
15 23361
15 23395
15 23401
15 23415
15 23449
15 23459
15 23465
15 23491
15 23493
15 23521
15 23531
15 23545
15 23559
15 23563
15 23577
15 23601
15 23607
15 23625
15 23645
15 23661
15 23673
15 23683
15 23713
15 23743
15 23745
15 23755
15 23757
15 23781
15 23813
15 23825
15 23837
15 23859
15 23861
15 23879
15 23919
15 23943
15 23949
15 23957
15 23967
15 23971
15 23977
15 23995
15 24009
15 24015
15 24027
15 24033
15 24067
15 24079
15 24091
15 24109
15 24135
15 24139
15 24163
15 24189
15 24193
15 24217
15 24229
15 24233
15 24279
15 24283
15 24295
15 24309
15 24327
15 24333
15 24345
15 24351
15 24355
15 24381
15 24387
15 24389
15 24401
15 24417
15 24427
15 24437
15 24457
15 24471
15 24491
15 24525
15 24543
15 24547
15 24549
15 24561
15 24587
15 24589
15 24597
15 24623
15 24637
15 24655
15 24657
15 24673
15 24679
15 24683
15 24713
15 24727
15 24733
15 24737
15 24747
15 24755
15 24761
15 24787
15 24789
15 24823
15 24841
15 24849
15 24877
15 24889
15 24897
15 24915
15 24945
15 24957
15 24991
15 24997
15 25007
15 25019
15 25051
15 25069
15 25077
15 25087
15 25131
15 25139
15 25141
15 25145
15 25159
15 25165
15 25187
15 25199
15 25213
15 25229
15 25247
15 25253
15 25257
15 25265
15 25271
15 25303
15 25307
15 25309
15 25323
15 25325
15 25331
15 25343
15 25379
15 25393
15 25399
15 25405
15 25435
15 25453
15 25461
15 25477
15 25481
15 25489
15 25505
15 25535
15 25583
15 25597
15 25609
15 25623
15 25645
15 25665
15 25671
15 25677
15 25685
15 25739
15 25749
15 25759
15 25769
15 25777
15 25831
15 25845
15 25857
15 25867
15 25881
15 25911
15 25915
15 25923
15 25925
15 25929
15 25947
15 25987
15 26001
15 26023
15 26029
15 26041
15 26047
15 26067
15 26069
15 26073
15 26085
15 26095
15 26097
15 26103
15 26113
15 26119
15 26125
15 26147
15 26171
15 26191
15 26205
15 26219
15 26221
15 26227
15 26243
15 26255
15 26263
15 26279
15 26283
15 26293
15 26297
15 26329
15 26335
15 26345
15 26385
15 26395
15 26401
15 26419
15 26443
15 26463
15 26473
15 26487
15 26497
15 26531
15 26543
15 26551
15 26577
15 26599
15 26603
15 26613
15 26627
15 26641
15 26651
15 26653
15 26667
15 26689
15 26707
15 26735
15 26743
15 26763
15 26765
15 26771
15 26783
15 26789
15 26793
15 26821
15 26825
15 26879
15 26887
15 26905
15 26927
15 26941
15 26967
15 26987
15 26995
15 26997
15 27001
15 27013
15 27023
15 27035
15 27037
15 27041
15 27051
15 27079
15 27085
15 27113
15 27137
15 27143
15 27147
15 27161
15 27171
15 27183
15 27217
15 27227
15 27239
15 27243
15 27245
15 27253
15 27267
15 27287
15 27315
15 27317
15 27327
15 27329
15 27339
15 27341
15 27369
15 27375
15 27387
15 27389
15 27395
15 27415
15 27435
15 27443
15 27449
15 27463
15 27467
15 27477
15 27497
15 27517
15 27521
15 27533
15 27541
15 27551
15 27555
15 27557
15 27569
15 27575
15 27589
15 27607
15 27617
15 27629
15 27635
15 27641
15 27659
15 27673
15 27695
15 27709
15 27717
15 27735
15 27745
15 27763
15 27829
15 27833
15 27839
15 27841
15 27847
15 27851
15 27877
15 27889
15 27909
15 27913
15 27919
15 27927
15 27947
15 27987
15 28003
15 28005
15 28009
15 28027
15 28067
15 28081
15 28091
15 28093
15 28099
15 28101
15 28125
15 28169
15 28199
15 28205
15 28211
15 28225
15 28237
15 28243
15 28271
15 28283
15 28289
15 28295
15 28309
15 28335
15 28343
15 28355
15 28379
15 28381
15 28409
15 28417
15 28437
15 28457
15 28465
15 28475
15 28495
15 28503
15 28507
15 28513
15 28549
15 28561
15 28567
15 28587
15 28597
15 28615
15 28633
15 28639
15 28649
15 28677
15 28701
15 28715
15 28723
15 28725
15 28747
15 28797
15 28801
15 28813
15 28841
15 28855
15 28859
15 28873
15 28879
15 28893
15 28897
15 28947
15 28949
15 28953
15 28963
15 28977
15 28983
15 28989
15 29021
15 29035
15 29065
15 29079
15 29083
15 29089
15 29109
15 29119
15 29131
15 29151
15 29157
15 29175
15 29179
15 29209
15 29215
15 29231
15 29233
15 29243
15 29263
15 29281
15 29287
15 29327
15 29357
15 29363
15 29377
15 29389
15 29395
15 29407
15 29413
15 29425
15 29431
15 29443
15 29449
15 29479
15 29483
15 29505
15 29525
15 29541
15 29551
15 29581
15 29587
15 29605
15 29629
15 29641
15 29649
15 29671
15 29683
15 29685
15 29695
15 29715
15 29717
15 29737
15 29775
15 29783
15 29787
15 29803
15 29805
15 29827
15 29867
15 29875
15 29895
15 29901
15 29909
15 29919
15 29929
15 29947
15 29949
15 29975
15 29979
15 29985
15 30005
15 30017
15 30027
15 30071
15 30075
15 30081
15 30105
15 30115
15 30141
15 30159
15 30161
15 30187
15 30197
15 30201
15 30207
15 30237
15 30265
15 30279
15 30291
15 30293
15 30303
15 30307
15 30309
15 30313
15 30343
15 30357
15 30367
15 30371
15 30383
15 30395
15 30405
15 30417
15 30443
15 30451
15 30457
15 30475
15 30511
15 30537
15 30545
15 30551
15 30573
15 30579
15 30595
15 30601
15 30631
15 30637
15 30645
15 30663
15 30675
15 30677
15 30703
15 30741
15 30757
15 30769
15 30781
15 30799
15 30801
15 30811
15 30829
15 30887
15 30893
15 30899
15 30911
15 30923
15 30925
15 30937
15 30943
15 30953
15 30959
15 30979
15 30991
15 30999
15 31015
15 31027
15 31053
15 31065
15 31087
15 31089
15 31099
15 31105
15 31111
15 31141
15 31153
15 31173
15 31177
15 31191
15 31197
15 31235
15 31259
15 31271
15 31275
15 31285
15 31295
15 31307
15 31317
15 31351
15 31361
15 31373
15 31401
15 31415
15 31419
15 31427
15 31457
15 31475
15 31477
15 31499
15 31523
15 31547
15 31557
15 31567
15 31569
15 31581
15 31591
15 31609
15 31621
15 31631
15 31649
15 31659
15 31673
15 31699
15 31715
15 31729
15 31735
15 31749
15 31753
15 31783
15 31789
15 31833
15 31849
15 31869
15 31883
15 31891
15 31893
15 31907
15 31927
15 31939
15 31953
15 31965
15 31979
15 31993
15 31999
15 32001
15 32021
15 32055
15 32069
15 32073
15 32115
15 32121
15 32143
15 32145
15 32151
15 32167
15 32179
15 32199
15 32205
15 32213
15 32233
15 32251
15 32253
15 32257
15 32269
15 32281
15 32303
15 32325
15 32353
15 32373
15 32383
15 32393
15 32399
15 32411
15 32413
15 32427
15 32447
15 32455
15 32467
15 32483
15 32485
15 32521
15 32545
15 32575
15 32589
15 32597
15 32625
15 32651
15 32653
15 32665
15 32671
15 32675
15 32689
15 32707
15 32709
15 32721
15 32727
15 32737
15 32743
